                                                                                                                                                                                Página 1 de 7

                                          Relación de Participantes en el Concurso de Traslados de Personal Docente de Profesores de Escuelas
                                                                             Oficiales de Idiomas 2018-2019




Cuerpo:    0592 PROFESORES DE ESCUELAS OFICIALES DE IDIOMAS
Especialidad: 001 ALEMAN

Apellidos, Nombre                                  D.N.I.          Oposición                 Resulta            Apartados           Modalidades
         1.-        1.1.-      1.2.-      1.1.1.         1.1.2.     1.1.3.         1.2.1.        1.2.2.         1.2.3.       2.-            3.-      3.1.      3.2.      3.3.     3.1.1.    3.1.2.
      3.1.3.       3.1.4.     3.2.1.      3.2.2.         3.2.3.    3.3.A.          3.3.B.        3.3.C.        3.3.D.    3.3.E.       3.3.F.          4.-      4.1.      4.2.       4.3.        5.-
        5.1.         5.2.       5.3.         6.-            6.1.      6.2.            6.3.         6.4.           6.5.      6.6.    TOTAL
GARCIA CARABALLO, MIGUEL                           00*0**7**       1991                                          2, 3               E, IG
   67,1666      15,0000     52,1666     15,0000        0,0000      0,0000      52,1666          0,0000         0,0000    0,0000      9,0000        3,0000    0,0000    6,0000    0,0000    3,0000
    0,0000       0,0000      0,0000      0,0000        0,0000      0,0000       0,0000          6,0000         0,0000    0,0000      0,0000       20,0000    0,0000   15,4166    5,0000    7,8000
    4,8000       3,0000      0,0000      7,0600        0,2000      0.0000       0.0000          6,3600         0,5000    0,0000    111,0266
GARCIA GARCIA, MARIA ELENA                         535****8*       2008      7.0206          45005537 001 01     3                  AG
   63,3332      45,0000     18,3332     45,0000        0,0000      0,0000      18,3332          0,0000         0,0000    0,0000      2,0000        0,0000    0,0000    2,0000    0,0000    0,0000
    0,0000       0,0000      0,0000      0,0000        0,0000      0,0000       0,0000          2,0000         0,0000    0,0000      0,0000        5,0000    0,0000    0,0000    5,0000    9,0000
    6,0000       3,0000      0,0000      0,0000        0,0000      0.0000       0.0000          0,0000         0,0000    0,0000     79,3332
JENTSCH MARTINEZ-AVIAL, UTE                        *0**13*8*       1995      5.0             19003191 001 01     3                  AG
   44,4998        2,3332    42,1666      2,3332        0,0000      0,0000      42,1666          0,0000         0,0000    0,0000      2,0000        0,0000    0,0000    2,0000    0,0000    0,0000
    0,0000        0,0000     0,0000      0,0000        0,0000      0,0000       0,0000          0,0000         2,0000    0,0000      0,0000       20,0000    0,0000   20,0000    5,0000    6,9000
    4,6000        2,3000     0,0000      0,2500        0,0000      0,2500       0.0000          0,0000         0,0000    0,0000     73,6498
MATEOS POLO, DELFINA                               *7**1*91*       1993                      45005483 001 01     3                  AG
  179,1666     131,0000     48,1666    129,0000        2,0000      0,0000      48,1666          0,0000         0,0000    0,0000      3,0000        0,0000    0,0000    3,0000    0,0000    0,0000
    0,0000       0,0000      0,0000      0,0000        0,0000      0,0000       0,0000          2,0000         1,0000    0,0000      0,0000        5,0000    0,0000    0,0000    5,0000    8,6000
    6,0000       2,6000      0,0000      0,4500        0,0500      0,2500       0,0500          0,0000         0,0000    0,1000    196,2166
MELCHOR ORTIZ, CONCEPCION                          0417*****       2008      8.6941          13004596 001 01     3                  AG
   63,3332      45,0000     18,3332     45,0000        0,0000      0,0000      18,3332          0,0000         0,0000    0,0000      2,0000        0,0000    0,0000    2,0000    0,0000    0,0000
    0,0000       0,0000      0,0000      0,0000        0,0000      0,0000       0,0000          2,0000         0,0000    0,0000      0,0000        8,4166    0,0000    5,4166    3,0000    9,0000
    6,0000       3,0000      0,0000      0,0000        0,0000      0.0000       0.0000          0,0000         0,0000    0,0000     82,7498
PFEIFFER, ANTJE                                    *1*1*4*5*       2008      6.2975          02004471 001 01     3, 4               AG, AC
   59,3332      41,0000     18,3332     39,0000        2,0000      0,0000      18,3332          0,0000         0,0000    0,0000      4,0000        0,0000    0,0000    4,0000    0,0000    0,0000
    0,0000       0,0000      0,0000      0,0000        0,0000      0,0000       0,0000          4,0000         0,0000    0,0000      0,0000       18,1662   13,3332    0,0000    4,8330    9,0000
    6,0000       3,0000      0,0000      0,0000        0,0000      0.0000       0.0000          0,0000         0,0000    0,0000     90,4994




                                                                                                                                                                                www.educa.jccm.es
                                                                                                                                                                      Página 2 de 7

                                      Relación de Participantes en el Concurso de Traslados de Personal Docente de Profesores de Escuelas
                                                                         Oficiales de Idiomas 2018-2019




Cuerpo:    0592 PROFESORES DE ESCUELAS OFICIALES DE IDIOMAS
Especialidad: 001 ALEMAN

Apellidos, Nombre                              D.N.I.          Oposición                 Resulta            Apartados          Modalidades
        1.-      1.1.-      1.2.-     1.1.1.         1.1.2.     1.1.3.        1.2.1.         1.2.2.         1.2.3.       2.-        3.-      3.1.     3.2.     3.3.     3.1.1.    3.1.2.
     3.1.3.     3.1.4.     3.2.1.     3.2.2.         3.2.3.    3.3.A.        3.3.B.          3.3.C.        3.3.D.    3.3.E.      3.3.F.       4.-     4.1.     4.2.       4.3.        5.-
       5.1.       5.2.       5.3.        6.-            6.1.      6.2.            6.3.         6.4.           6.5.      6.6.   TOTAL
SANCHEZ CALAMARDO, MARIA MILAGROS              52**24***       2008      7.1787          45005483 001 01     3                 AG
   63,3332    45,0000    18,3332    45,0000        0,0000      0,0000      18,3332          0,0000         0,0000    0,0000     0,0000    0,0000    0,0000   0,0000    0,0000    0,0000
    0,0000     0,0000     0,0000     0,0000        0,0000      0,0000       0,0000          0,0000         0,0000    0,0000     0,0000    7,0830    0,0000   2,0830    5,0000    6,0000
    6,0000     0,0000     0,0000     0,0000        0,0000      0.0000       0.0000          0,0000         0,0000    0,0000    76,4162




                                                                                                                                                                      www.educa.jccm.es
                                                                                                                                                                           Página 3 de 7

                                       Relación de Participantes en el Concurso de Traslados de Personal Docente de Profesores de Escuelas
                                                                          Oficiales de Idiomas 2018-2019




Cuerpo:    0592 PROFESORES DE ESCUELAS OFICIALES DE IDIOMAS
Especialidad: 008 FRANCES

Apellidos, Nombre                               D.N.I.          Oposición                  Resulta            Apartados           Modalidades
         1.-      1.1.-      1.2.-     1.1.1.         1.1.2.     1.1.3.           1.2.1.       1.2.2.         1.2.3.       2.-         3.-      3.1.      3.2.      3.3.     3.1.1.    3.1.2.
      3.1.3.     3.1.4.     3.2.1.     3.2.2.         3.2.3.    3.3.A.        3.3.B.           3.3.C.        3.3.D.    3.3.E.       3.3.F.       4.-      4.1.      4.2.       4.3.        5.-
        5.1.       5.2.       5.3.        6.-            6.1.      6.2.             6.3.         6.4.           6.5.      6.6.    TOTAL
CALLEJA QUILEZ, PILAR                           0**4**54*       1991      9.7158           13004705 008 01     3, 4               AG, AC
  109,1666     57,0000    52,1666    57,0000        0,0000      0,0000      52,1666           0,0000         0,0000    0,0000      2,0000     0,0000    0,0000    2,0000    0,0000    0,0000
    0,0000      0,0000     0,0000     0,0000        0,0000      0,0000       0,0000           0,0000         2,0000    0,0000      0,0000    20,0000   20,0000   10,0000    5,0000    7,6000
    6,0000      1,6000     0,0000     0,5000        0,0000      0.0000       0.0000           0,0000         0,5000    0,0000    139,2666
GARCIA CABALLERO, ESMERALDA                     ***4*375*       2008      7.3816                               3, 4               JG, AC
   36,6664     18,3332    18,3332     0,0000       18,3332      0,0000      18,3332           0,0000         0,0000    0,0000      3,0000     0,0000    0,0000    3,0000    0,0000    0,0000
    0,0000      0,0000     0,0000     0,0000        0,0000      0,0000       0,0000           2,0000         1,0000    0,0000      0,0000     3,8330    0,0000    0,0000    3,8330    7,6000
    6,0000      1,6000     0,0000     0,0000        0,0000      0.0000       0.0000           0,0000         0,0000    0,0000     51,0994
LLORENS MARTIN, FRANCISCO JAVIER                ***5*728*       2001      10.39            13004596 008 01     3                  AG
  122,3332     87,0000    35,3332    87,0000        0,0000      0,0000      32,3332           3,0000         0,0000    0,0000      2,0000     0,0000    0,0000    2,0000    0,0000    0,0000
    0,0000      0,0000     0,0000     0,0000        0,0000      0,0000       0,0000           2,0000         0,0000    0,0000      0,0000    20,0000   20,0000   12,5000    5,0000    6,0000
    6,0000      0,0000     0,0000     0,1000        0,0000      0.0000       0.0000           0,0000         0,0000    0,1000    150,4332
MARTIN MONTERO, MARIA CONCEPCION                50*48****       2008      7.0534           02004355 008 01     3                  AG
   39,3332     21,0000    18,3332     9,0000       12,0000      0,0000      18,3332           0,0000         0,0000    0,0000      7,0000     0,0000    0,0000    7,0000    0,0000    0,0000
    0,0000      0,0000     0,0000     0,0000        0,0000      0,0000       3,0000           4,0000         0,0000    0,0000      0,0000     9,5830    0,0000    4,5830    5,0000    9,0000
    6,0000      3,0000     0,0000     0,0000        0,0000      0.0000       0.0000           0,0000         0,0000    0,0000     64,9162
PRIETO SEISDEDOS, ADELA                         1*9*2*3**       2001      4.2367           13004134 008 01     3, 4               AG, AC
  115,3332     83,0000    32,3332    81,0000        2,0000      0,0000      32,3332           0,0000         0,0000    0,0000      0,0000     0,0000    0,0000    0,0000    0,0000    0,0000
    0,0000      0,0000     0,0000     0,0000        0,0000      0,0000       0,0000           0,0000         0,0000    0,0000      0,0000     5,0000    0,0000    0,0000    5,0000    9,0000
    6,0000      3,0000     0,0000     0,0000        0,0000      0.0000       0.0000           0,0000         0,0000    0,0000    129,3332




                                                                                                                                                                           www.educa.jccm.es
                                                                                                                                                                          Página 4 de 7

                                       Relación de Participantes en el Concurso de Traslados de Personal Docente de Profesores de Escuelas
                                                                          Oficiales de Idiomas 2018-2019




Cuerpo:    0592 PROFESORES DE ESCUELAS OFICIALES DE IDIOMAS
Especialidad: 011 INGLES

Apellidos, Nombre                               D.N.I.          Oposición                 Resulta            Apartados           Modalidades
        1.-      1.1.-      1.2.-      1.1.1.         1.1.2.     1.1.3.          1.2.1.       1.2.2.         1.2.3.       2.-         3.-      3.1.      3.2.      3.3.     3.1.1.    3.1.2.
     3.1.3.     3.1.4.     3.2.1.      3.2.2.         3.2.3.    3.3.A.           3.3.B.       3.3.C.        3.3.D.    3.3.E.       3.3.F.       4.-      4.1.      4.2.       4.3.        5.-
       5.1.       5.2.       5.3.         6.-            6.1.      6.2.            6.3.         6.4.           6.5.      6.6.    TOTAL
ABELLAN CLEMENTE, MARIA ISABEL                  77*82****       2001      6.97            02004471 011 01     3, 4               AG, AC
  119,3332    87,0000    32,3332     87,0000        0,0000      0,0000      32,3332          0,0000         0,0000    0,0000      6,0000     0,0000    0,0000    6,0000    0,0000    0,0000
    0,0000     0,0000     0,0000      0,0000        0,0000      0,0000       3,0000          2,0000         1,0000    0,0000      0,0000    20,0000    0,0000   20,0000    2,9163    9,0000
    6,0000     3,0000     0,0000      0,5000        0,0000      0.0000       0.0000          0,0000         0,5000    0,0000    154,8332
ALFARO SAEZ, ISABEL                             0*559****       2008      7.5994          13004705 011 01     3                  AG
   63,3332    45,0000    18,3332     45,0000        0,0000      0,0000      18,3332          0,0000         0,0000    0,0000      3,0000     0,0000    0,0000    3,0000    0,0000    0,0000
    0,0000     0,0000     0,0000      0,0000        0,0000      0,0000       0,0000          2,0000         1,0000    0,0000      0,0000     0,0000    0,0000    0,0000    0,0000    6,0000
    6,0000     0,0000     0,0000      0,0000        0,0000      0.0000       0.0000          0,0000         0,0000    0,0000     72,3332
CAMACHO ALARCON, MARIA PRADO                    05**2*6**       2008      6.4473          13004596 011 01     3, 4               AG, AC
   55,3332    37,0000    18,3332     33,0000        4,0000      0,0000      18,3332          0,0000         0,0000    0,0000     10,0000     0,0000    6,0000    6,0000    0,0000    0,0000
    0,0000     0,0000     0,0000      6,0000        0,0000      0,0000       6,0000          0,0000         0,0000    0,0000      0,0000     4,2499    0,0000    0,0000    4,2499    9,0000
    6,0000     3,0000     0,0000      0,2500        0,0000      0,2500       0.0000          0,0000         0,0000    0,0000     78,8331
CANALES HERNANDEZ, MARIA DEL PILAR              ****9176*       2008      7.4225          45005483 011 01     3                  AG
   63,3332    45,0000    18,3332     45,0000        0,0000      0,0000      18,3332          0,0000         0,0000    0,0000      4,0000     0,0000    0,0000    4,0000    0,0000    0,0000
    0,0000     0,0000     0,0000      0,0000        0,0000      0,0000       0,0000          4,0000         0,0000    0,0000      0,0000     2,0000    0,0000    0,0000    2,0000    9,0000
    6,0000     3,0000     0,0000      0,3500        0,0000      0,2500       0.0000          0,0000         0,0000    0,1000     78,6832
CAÑAMERO BARAHONA, ESTHER                       *5**1*36*       2008      7.0674          13004596 011 01     3                  AG
   33,3332    15,0000    18,3332     15,0000        0,0000      0,0000      18,3332          0,0000         0,0000    0,0000      6,0000     0,0000    0,0000    6,0000    0,0000    0,0000
    0,0000     0,0000     0,0000      0,0000        0,0000      0,0000       0,0000          6,0000         0,0000    0,0000      0,0000     5,0000    0,0000    0,0000    5,0000    6,0000
    6,0000     0,0000     0,0000      0,0000        0,0000      0.0000       0.0000          0,0000         0,0000    0,0000     50,3332
CARCELEN BALLESTEROS, VALENTIN                  ****1468*       1992                                          3, 4               BG, AC
   37,9576     0,0000    37,9576      0,0000        0,0000      0,0000       1,8326         36,1250         0,0000    0,0000      0,0000     0,0000    0,0000    0,0000    0,0000    0,0000
    0,0000     0,0000     0,0000      0,0000        0,0000      0,0000       0,0000          0,0000         0,0000    0,0000      0,0000    20,0000   20,0000    0,0000    0,0000    9,0000
    6,0000     3,0000     0,0000      0,8500        0,0000      0,7500       0.0000          0,0000         0,0000    0,1000     67,8076




                                                                                                                                                                          www.educa.jccm.es
                                                                                                                                                                            Página 5 de 7

                                         Relación de Participantes en el Concurso de Traslados de Personal Docente de Profesores de Escuelas
                                                                            Oficiales de Idiomas 2018-2019




Cuerpo:    0592 PROFESORES DE ESCUELAS OFICIALES DE IDIOMAS
Especialidad: 011 INGLES

Apellidos, Nombre                                 D.N.I.          Oposición                  Resulta            Apartados           Modalidades
         1.-      1.1.-        1.2.-     1.1.1.         1.1.2.     1.1.3.           1.2.1.       1.2.2.         1.2.3.       2.-         3.-      3.1.     3.2.      3.3.     3.1.1.    3.1.2.
      3.1.3.     3.1.4.     3.2.1.       3.2.2.         3.2.3.    3.3.A.          3.3.B.         3.3.C.        3.3.D.    3.3.E.       3.3.F.       4.-     4.1.      4.2.       4.3.        5.-
        5.1.       5.2.        5.3.         6.-            6.1.      6.2.             6.3.         6.4.           6.5.      6.6.    TOTAL
CUEVAS CARRASCO, AURELIO                          **50**99*       2008      8.1609           02004471 011 01     3                  AG
   63,3332     45,0000    18,3332      45,0000        0,0000      0,0000      18,3332           0,0000         0,0000    0,0000      3,0000     0,0000   0,0000    3,0000    0,0000    0,0000
    0,0000      0,0000     0,0000       0,0000        0,0000      0,0000       0,0000           2,0000         1,0000    0,0000      0,0000    20,0000   0,0000   20,0000    0,0000    9,0000
    6,0000      3,0000     0,0000       0,0000        0,0000      0.0000       0.0000           0,0000         0,0000    0,0000     95,3332
EGIDO FERNANDEZ, CONSUELO DEL                     ***59*04*       2008      6.6201           02004355 011 01     3                  AG
   43,3332     25,0000    18,3332      15,0000       10,0000      0,0000      18,3332           0,0000         0,0000    0,0000      3,0000     0,0000   0,0000    3,0000    0,0000    0,0000
    0,0000      0,0000     0,0000       0,0000        0,0000      0,0000       0,0000           2,0000         1,0000    0,0000      0,0000     7,3332   0,0000    3,3332    4,0000    6,0000
    6,0000      0,0000     0,0000       0,2500        0,0000      0,2500       0.0000           0,0000         0,0000    0,0000     59,9164
ELIAS GARCIA, MARIA AGATA DE                      **46**85*       1993      0.0              13004596 011 01     3                  AG
   50,8326     21,0000    29,8326      21,0000        0,0000      0,0000      29,8326           0,0000         0,0000    0,0000      0,0000     0,0000   0,0000    0,0000    0,0000    0,0000
    0,0000      0,0000     0,0000       0,0000        0,0000      0,0000       0,0000           0,0000         0,0000    0,0000      0,0000    10,3745   0,0000    8,5415    1,8330    5,0000
    2,7000      2,3000     0,0000       0,2500        0,0000      0,2500       0.0000           0,0000         0,0000    0,0000     66,4571
GOMEZ JIMENO, CLARA                               ***6521**       1993                       45005483 011 01     3                  AG
   57,3332      9,0000    48,3332       9,0000        0,0000      0,0000      48,3332           0,0000         0,0000    0,0000      7,0000     5,0000   0,0000    2,0000    5,0000    0,0000
    0,0000      0,0000     0,0000       0,0000        0,0000      0,0000       0,0000           2,0000         0,0000    0,0000      0,0000     3,2496   0,0000    0,4166    2,8330    9,0000
    6,0000      3,0000     0,0000      14,8100        0,4500      0,5000       0.0000          13,8600         0,0000    0,0000     91,3928
GONZALEZ VACA, MARIA ESTHER                       030**8***       2001      8.289            16003682 011 01     3                  AG
  119,3332     87,0000    32,3332      87,0000        0,0000      0,0000      32,3332           0,0000         0,0000    0,0000      5,0000     0,0000   3,0000    2,0000    0,0000    0,0000
    0,0000      0,0000     0,0000       0,0000        3,0000      0,0000       0,0000           2,0000         0,0000    0,0000      0,0000    14,7498   0,0000   13,7498    1,0000    0,3000
    0,3000      0,0000     0,0000       0,5000        0,0000      0,5000       0.0000           0,0000         0,0000    0,0000    139,8830
JALDO VALLEJO, MANUEL                             *421*7***       2008      8.6534           02004355 011 01     3                  AG
   63,3332     45,0000    18,3332      45,0000        0,0000      0,0000      18,3332           0,0000         0,0000    0,0000      2,0000     0,0000   0,0000    2,0000    0,0000    0,0000
    0,0000      0,0000     0,0000       0,0000        0,0000      0,0000       0,0000           2,0000         0,0000    0,0000      0,0000    16,4162   9,3332    2,0830    5,0000    6,0000
    6,0000      0,0000     0,0000       0,2500        0,0000      0,2500       0.0000           0,0000         0,0000    0,0000     87,9994




                                                                                                                                                                            www.educa.jccm.es
                                                                                                                                                                         Página 6 de 7

                                        Relación de Participantes en el Concurso de Traslados de Personal Docente de Profesores de Escuelas
                                                                           Oficiales de Idiomas 2018-2019




Cuerpo:    0592 PROFESORES DE ESCUELAS OFICIALES DE IDIOMAS
Especialidad: 011 INGLES

Apellidos, Nombre                                D.N.I.          Oposición                 Resulta            Apartados          Modalidades
        1.-      1.1.-        1.2.-     1.1.1.         1.1.2.     1.1.3.        1.2.1.         1.2.2.         1.2.3.       2.-        3.-      3.1.     3.2.      3.3.     3.1.1.    3.1.2.
     3.1.3.     3.1.4.       3.2.1.     3.2.2.         3.2.3.    3.3.A.        3.3.B.          3.3.C.        3.3.D.    3.3.E.      3.3.F.       4.-     4.1.      4.2.       4.3.        5.-
       5.1.       5.2.         5.3.        6.-            6.1.      6.2.            6.3.         6.4.           6.5.      6.6.   TOTAL
JUNCO EZQUERRA, ANTONIO JESUS                    *28***71*       2008      7.5635          13004596 011 01     3                 AG
   63,3332    45,0000      18,3332    45,0000        0,0000      0,0000      18,3332          0,0000         0,0000    0,0000     4,0000     2,0000   0,0000    2,0000    0,0000    0,0000
    2,0000     0,0000       0,0000     0,0000        0,0000      0,0000       0,0000          2,0000         0,0000    0,0000     0,0000    11,6664   0,0000   11,6664    0,0000    6,0000
    6,0000     0,0000       0,0000     2,0000        0,0000      0.0000       2,0000          0,0000         0,0000    0,0000    86,9996
MUÑOZ LOBO, MIGUEL ANGEL                         **3*2*87*       2008      7.9886          19003191 011 01     3                 AG
   63,3332    45,0000      18,3332    45,0000        0,0000      0,0000      18,3332          0,0000         0,0000    0,0000    10,0000     5,0000   3,0000    6,0000    0,0000    3,0000
    2,0000     0,0000       0,0000     0,0000        3,0000      0,0000       0,0000          6,0000         0,0000    0,0000     0,0000     7,0830   0,0000    2,0830    5,0000    7,3000
    6,0000     1,3000       0,0000     1,2000        1,2000      0.0000       0.0000          0,0000         0,0000    0,0000    88,9162
NAVARRO MOLINA, PABLO ENRIQUE                    *7**8*49*       2008      8.1872          02004343 011 01     3, 4              AG, AC
   63,3332    45,0000      18,3332    45,0000        0,0000      0,0000      18,3332          0,0000         0,0000    0,0000    10,0000     2,0000   0,0000    8,0000    0,0000    0,0000
    2,0000     0,0000       0,0000     0,0000        0,0000      4,0000       3,0000          0,0000         1,0000    0,0000     0,0000     8,3332   0,0000    3,3332    5,0000    9,0000
    6,0000     3,0000       0,0000     0,7500        0,0000      0,7500       0.0000          0,0000         0,0000    0,0000    91,4164
PARDO MERINO, MARIA JOSE                         0564*****       2008      7.0816          13004742 011 01     3, 4              AG, AC
   33,3332    15,0000      18,3332    15,0000        0,0000      0,0000      18,3332          0,0000         0,0000    0,0000     2,0000     0,0000   0,0000    2,0000    0,0000    0,0000
    0,0000     0,0000       0,0000     0,0000        0,0000      0,0000       0,0000          2,0000         0,0000    0,0000     0,0000     3,0833   0,0000    0,0000    3,0833    5,3000
    5,3000     0,0000       0,0000     0,0000        0,0000      0.0000       0.0000          0,0000         0,0000    0,0000    43,7165
PASCUAL PARRA, ALFONSA                           ***4479**       2008      8.3117          13004596 011 01     3, 4              AG, AC
   63,3332    45,0000      18,3332    45,0000        0,0000      0,0000      18,3332          0,0000         0,0000    0,0000     2,0000     0,0000   0,0000    2,0000    0,0000    0,0000
    0,0000     0,0000       0,0000     0,0000        0,0000      0,0000       0,0000          0,0000         2,0000    0,0000     0,0000     5,0000   0,0000    0,0000    5,0000    9,0000
    6,0000     3,0000       0,0000     0,2500        0,0000      0,2500       0.0000          0,0000         0,0000    0,0000    79,5832
ROCHA CAÑIZARES, ANTONIO F                       *2**937**       2008      6.7877          45005537 011 01     3                 AG
   55,3332    37,0000      18,3332    33,0000        4,0000      0,0000      18,3332          0,0000         0,0000    0,0000     7,0000     0,0000   0,0000    7,0000    0,0000    0,0000
    0,0000     0,0000       0,0000     0,0000        0,0000      0,0000       3,0000          4,0000         0,0000    0,0000     0,0000     5,0000   0,0000    0,0000    5,0000    9,0000
    6,0000     3,0000       0,0000     0,0000        0,0000      0.0000       0.0000          0,0000         0,0000    0,0000    76,3332




                                                                                                                                                                         www.educa.jccm.es
                                                                                                                                                                           Página 7 de 7

                                          Relación de Participantes en el Concurso de Traslados de Personal Docente de Profesores de Escuelas
                                                                             Oficiales de Idiomas 2018-2019




Cuerpo:    0592 PROFESORES DE ESCUELAS OFICIALES DE IDIOMAS
Especialidad: 012 ITALIANO

Apellidos, Nombre                                  D.N.I.          Oposición                 Resulta            Apartados           Modalidades
        1.-         1.1.-      1.2.-      1.1.1.         1.1.2.     1.1.3.         1.2.1.        1.2.2.         1.2.3.       2.-         3.-      3.1.     3.2.     3.3.     3.1.1.    3.1.2.
     3.1.3.        3.1.4.     3.2.1.      3.2.2.         3.2.3.    3.3.A.          3.3.B.        3.3.C.        3.3.D.    3.3.E.       3.3.F.       4.-     4.1.     4.2.       4.3.        5.-
       5.1.          5.2.       5.3.         6.-            6.1.      6.2.            6.3.         6.4.           6.5.      6.6.    TOTAL
CRISTIANO, ELENA                                   *6*29**2*       2008      7.3896          13004742 012 01     3, 4               AG, AC
   27,3332        9,0000    18,3332      9,0000        0,0000      0,0000      18,3332          0,0000         0,0000    0,0000      6,0000    0,0000    0,0000   6,0000    0,0000    0,0000
    0,0000        0,0000     0,0000      0,0000        0,0000      0,0000       0,0000          6,0000         0,0000    0,0000      0,0000    5,0000    0,0000   0,0000    5,0000    9,0000
    6,0000        3,0000     0,0000      0,0000        0,0000      0.0000       0.0000          0,0000         0,0000    0,0000     47,3332
GIMMELLI, PAOLO                                    *1*3*21**       1998      0.0             13004134 012 01     3                  AG
  143,3332    105,0000      38,3332    105,0000        0,0000      0,0000      38,3332          0,0000         0,0000    0,0000      9,0000    5,0000    0,0000   4,0000    5,0000    0,0000
    0,0000      0,0000       0,0000      0,0000        0,0000      0,0000       0,0000          4,0000         0,0000    0,0000      0,0000    5,0000    0,0000   0,0000    5,0000    7,0000
    6,0000      1,0000       0,0000      0,5000        0,0000      0,5000       0.0000          0,0000         0,0000    0,0000    164,8332
MORATO LARA, MARIA ISABEL                          5****772*       2008      8.9387          13004596 012 01     3, 4               AG, AC
   51,3332     33,0000      18,3332     33,0000        0,0000      0,0000      18,3332          0,0000         0,0000    0,0000      2,0000    0,0000    0,0000   2,0000    0,0000    0,0000
    0,0000      0,0000       0,0000      0,0000        0,0000      0,0000       0,0000          2,0000         0,0000    0,0000      0,0000    5,0000    0,0000   0,0000    5,0000    8,5000
    6,0000      2,5000       0,0000      0,5000        0,0000      0,5000       0.0000          0,0000         0,0000    0,0000     67,3332




                                                                                                                                                                           www.educa.jccm.es
