                                                                                                                                                                          Página 1 de 10
                                           Relación de Participantes en el Concurso de Traslados de Personal Docente de Profesores de Artes
                                                                              Plásticas y Diseño 2014-2015
                                                                                 Correciones al baremo




Cuerpo:    0595 PROFESORES DE ARTES PLASTICAS Y DISEÑO
Especialidad: 507 DIBUJO ARTISTICO Y COLOR

Apellidos, Nombre                                 D.N.I.          Oposición                 Resulta            Apartados           Modalidades
         1.-      1.1.-        1.2.-     1.1.1.        1.1.2.      1.1.3.        1.2.1.         1.2.2.         1.2.3.       2.-         3.-      3.1.     3.2.     3.3.     3.1.1.    3.1.2.
      3.1.3.     3.1.4.      3.2.1.      3.2.2.        3.2.3.     3.3.A.        3.3.B.          3.3.C.        3.3.D.    3.3.E.       3.3.F.       4.-     4.1.     4.2.       4.3.         5.-
        5.1.        5.2.       5.3.         6.-            6.1.      6.2.            6.3.         6.4.           6.5.      6.6.    TOTAL
BARBA RUIZ, MARIA PRADO                           70647741K       2008      7.7323          13004122 507 01     3, 4               AG, AC
   12,6664      2,3332     10,3332      2,3332        0,0000      0,0000      10,3332          0,0000         0,0000    0,0000      0,0000    0,0000    0,0000   0,0000    0,0000    0,0000
    0,0000      0,0000      0,0000      0,0000        0,0000      0,0000       0,0000          0,0000         0,0000    0,0000      0,0000    5,0000    0,0000   0,0000    5,0000    9,0000
    6,0000      3,0000      0,0000      0,3500        0,0000      0.0000       0,3500          0,0000         0,0000    0,0000     27,0164
CUBEROS NUÑEZ, TERESA                             25716180H       2008      7.2727          45005057 507 01     3                  AG
   20,6664     10,3332     10,3332      2,3332        8,0000      0,0000      10,3332          0,0000         0,0000    0,0000      3,0000    3,0000    0,0000   0,0000    0,0000    3,0000
    0,0000      0,0000      0,0000      0,0000        0,0000      0,0000       0,0000          0,0000         0,0000    0,0000      0,0000    6,2496    0,0000   2,0830    4,1666    6,0000
    6,0000      0,0000      0,0000      0,0000        0,0000      0.0000       0.0000          0,0000         0,0000    0,0000     35,9160
LOPEZ FERRER, ANA                                 70641596V       2008      7.6248          19008101 507 01     3                  AG
   20,6664     10,3332     10,3332      2,3332        8,0000      0,0000      10,3332          0,0000         0,0000    0,0000      0,0000    0,0000    0,0000   0,0000    0,0000    0,0000
    0,0000      0,0000      0,0000      0,0000        0,0000      0,0000       0,0000          0,0000         0,0000    0,0000      0,0000    2,1666    0,0000   0,0000    2,1666    9,0000
    6,0000      3,0000      0,0000      1,0000        0,0000      0.0000       1,0000          0,0000         0,0000    0,0000     32,8330
LOZANO CRESPO, MARGARITA                          05649036Y       2008      8.4273          45003930 507 01     3, 4               AG, AC
   31,3332     21,0000     10,3332     21,0000        0,0000      0,0000      10,3332          0,0000         0,0000    0,0000      5,0000    5,0000    0,0000   0,0000    5,0000    0,0000
    0,0000      0,0000      0,0000      0,0000        0,0000      0,0000       0,0000          0,0000         0,0000    0,0000      0,0000    5,0000    0,0000   0,0000    5,0000    6,0000
    6,0000      0,0000      0,0000      0,3000        0,0500      0.0000       0.0000          0,0000         0,2500    0,0000     47,6332
MORA MILLAN, AURELIA                              31217274H       1998                      13001406 507 01     3                  AG
  103,3332     75,0000     28,3332     75,0000        0,0000      0,0000      28,3332          0,0000         0,0000    0,0000      5,0000    5,0000    0,0000   0,0000    5,0000    0,0000
    0,0000      0,0000      0,0000      0,0000        0,0000      0,0000       0,0000          0,0000         0,0000    0,0000      0,0000    5,0000    0,0000   0,0000    5,0000    6,0000
    6,0000      0,0000      0,0000      2,2000        0,4500      1,7500       0.0000          0,0000         0,0000    0,0000    121,5332
SALINERO GARCIA, EMILIO JOSE                      07866434C       2008      4.2612          19008101 507 01     3, 4               AG, AC
   20,6664     10,3332     10,3332      2,3332        8,0000      0,0000      10,3332          0,0000         0,0000    0,0000      0,0000    0,0000    0,0000   0,0000    0,0000    0,0000
    0,0000      0,0000      0,0000      0,0000        0,0000      0,0000       0,0000          0,0000         0,0000    0,0000      0,0000    1,0000    0,0000   0,0000    1,0000    0,2000
    0,2000      0,0000      0,0000      0,0000        0,0000      0.0000       0.0000          0,0000         0,0000    0,0000     21,8664




                                                                                                                                                                          www.educa.jccm.es
                                                                                                                                                                       Página 2 de 10
                                        Relación de Participantes en el Concurso de Traslados de Personal Docente de Profesores de Artes
                                                                           Plásticas y Diseño 2014-2015
                                                                              Correciones al baremo




Cuerpo:    0595 PROFESORES DE ARTES PLASTICAS Y DISEÑO
Especialidad: 508 DIBUJO TECNICO

Apellidos, Nombre                              D.N.I.          Oposición                 Resulta            Apartados           Modalidades
        1.-      1.1.-      1.2.-     1.1.1.        1.1.2.      1.1.3.        1.2.1.         1.2.2.         1.2.3.       2.-         3.-      3.1.     3.2.     3.3.     3.1.1.    3.1.2.
     3.1.3.     3.1.4.     3.2.1.     3.2.2.        3.2.3.     3.3.A.        3.3.B.          3.3.C.        3.3.D.    3.3.E.       3.3.F.       4.-     4.1.     4.2.       4.3.         5.-
       5.1.       5.2.       5.3.        6.-            6.1.      6.2.            6.3.         6.4.           6.5.      6.6.    TOTAL
DEL CERRO DELGADO, MARGARITA DEL               00389358Z       1994      5.7777          45003930 508 01     3, 4               AG, AC
  107,3332    69,0000    38,3332    69,0000        0,0000      0,0000      38,3332          0,0000         0,0000    0,0000      0,0000    0,0000    0,0000   0,0000    0,0000    0,0000
    0,0000     0,0000     0,0000     0,0000        0,0000      0,0000       0,0000          0,0000         0,0000    0,0000      0,0000    5,0000    0,0000   0,0000    5,0000    7,0000
    6,0000     1,0000     0,0000     0,7500        0,0000      0,5000       0.0000          0,0000         0,2500    0,0000    120,0832
SALGADO RODRIGUEZ, JOSE MANUEL                 10087174H       2008      8.0297          13001406 508 01     3                  AG
   31,3332    21,0000    10,3332    21,0000        0,0000      0,0000      10,3332          0,0000         0,0000    0,0000      0,0000    0,0000    0,0000   0,0000    0,0000    0,0000
    0,0000     0,0000     0,0000     0,0000        0,0000      0,0000       0,0000          0,0000         0,0000    0,0000      0,0000    4,1666    0,0000   0,0000    4,1666    6,0000
    6,0000     0,0000     0,0000     0,2500        0,0000      0,2500       0.0000          0,0000         0,0000    0,0000     41,7498




                                                                                                                                                                       www.educa.jccm.es
                                                                                                                                                                      Página 3 de 10
                                        Relación de Participantes en el Concurso de Traslados de Personal Docente de Profesores de Artes
                                                                           Plásticas y Diseño 2014-2015
                                                                              Correciones al baremo




Cuerpo:    0595 PROFESORES DE ARTES PLASTICAS Y DISEÑO
Especialidad: 509 DISEÑO DE INTERIORES

Apellidos, Nombre                              D.N.I.          Oposición                 Resulta            Apartados          Modalidades
        1.-      1.1.-       1.2.-    1.1.1.        1.1.2.      1.1.3.          1.2.1.       1.2.2.         1.2.3.       2.-        3.-      3.1.     3.2.     3.3.     3.1.1.    3.1.2.
     3.1.3.     3.1.4.     3.2.1.     3.2.2.        3.2.3.     3.3.A.           3.3.B.       3.3.C.        3.3.D.    3.3.E.      3.3.F.       4.-     4.1.     4.2.       4.3.         5.-
       5.1.       5.2.       5.3.        6.-            6.1.      6.2.            6.3.         6.4.           6.5.      6.6.   TOTAL
COBO SEGADE, ANTONIA                           05686639G       2008      7.2772          16008667 509 01     3, 4              AG, AC
   23,3332    13,0000    10,3332     9,0000        4,0000      0,0000      10,3332          0,0000         0,0000    0,0000     1,0000    0,0000    0,0000   1,0000    0,0000    0,0000
    0,0000     0,0000     0,0000     0,0000        0,0000      0,0000       0,0000          0,0000         1,0000    0,0000     0,0000    4,1666    0,0000   0,0000    4,1666    6,0000
    6,0000     0,0000     0,0000     0,7697        0,0000      0,7500       0,0197          0,0000         0,0000    0,0000    35,2695
JORGE BLANCO, GEMMA ISABEL                     04583252L       2008      7.26            13004122 509 01     3, 4              AG, AC
   23,3332    13,0000    10,3332     9,0000        4,0000      0,0000      10,3332          0,0000         0,0000    0,0000     1,0000    0,0000    0,0000   1,0000    0,0000    0,0000
    0,0000     0,0000     0,0000     0,0000        0,0000      0,0000       0,0000          0,0000         1,0000    0,0000     0,0000    3,1666    0,0000   0,0000    3,1666    6,0000
    6,0000     0,0000     0,0000     0,5000        0,0000      0,5000       0.0000          0,0000         0,0000    0,0000    33,9998




                                                                                                                                                                      www.educa.jccm.es
                                                                                                                                                                        Página 4 de 10
                                          Relación de Participantes en el Concurso de Traslados de Personal Docente de Profesores de Artes
                                                                             Plásticas y Diseño 2014-2015
                                                                                Correciones al baremo




Cuerpo:    0595 PROFESORES DE ARTES PLASTICAS Y DISEÑO
Especialidad: 512 DISEÑO GRAFICO

Apellidos, Nombre                                D.N.I.          Oposición                 Resulta            Apartados          Modalidades
        1.-      1.1.-         1.2.-    1.1.1.        1.1.2.      1.1.3.        1.2.1.         1.2.2.         1.2.3.       2.-        3.-      3.1.     3.2.     3.3.     3.1.1.    3.1.2.
     3.1.3.     3.1.4.     3.2.1.       3.2.2.        3.2.3.     3.3.A.        3.3.B.          3.3.C.        3.3.D.    3.3.E.      3.3.F.       4.-     4.1.     4.2.       4.3.         5.-
       5.1.       5.2.         5.3.        6.-            6.1.      6.2.            6.3.         6.4.           6.5.      6.6.   TOTAL
BEAMUD MONTERO, JULIA                            47051215T       2008      4.6639          16008667 512 01     3                 AG
   23,3332    13,0000    10,3332       9,0000        4,0000      0,0000      10,3332          0,0000         0,0000    0,0000     3,0000    0,0000    0,0000   3,0000    0,0000    0,0000
    0,0000     0,0000     0,0000       0,0000        0,0000      0,0000       0,0000          2,0000         1,0000    0,0000     0,0000    5,3330    0,0000   2,5000    2,8330    6,0000
    6,0000     0,0000     0,0000       4,1750        1,7000      0,5000       1,9750          0,0000         0,0000    0,0000    41,8412
CALLEJA CASTRO, MARIA JESUS                      12763176Q       2008      6.7647          19008101 512 01     3                 AG
   20,9998    10,6666    10,3332       4,6666        6,0000      0,0000      10,3332          0,0000         0,0000    0,0000     0,0000    0,0000    0,0000   0,0000    0,0000    0,0000
    0,0000     0,0000     0,0000       0,0000        0,0000      0,0000       0,0000          0,0000         0,0000    0,0000     0,0000    9,6666    0,0000   7,5000    2,1666    6,0000
    6,0000     0,0000     0,0000       0,5000        0,0000      0,5000       0.0000          0,0000         0,0000    0,0000    37,1664
GARCIA OTERO, EMILIO                             09430972Y       2008      6.0513          13004122 512 01     3                 AG
   20,9998    10,6666    10,3332       4,6666        6,0000      0,0000      10,3332          0,0000         0,0000    0,0000     0,0000    0,0000    0,0000   0,0000    0,0000    0,0000
    0,0000     0,0000     0,0000       0,0000        0,0000      0,0000       0,0000          0,0000         0,0000    0,0000     0,0000    2,2499    0,0000   0,0000    2,2499    7,0000
    6,0000     1,0000     0,0000       0,0000        0,0000      0.0000       0.0000          0,0000         0,0000    0,0000    30,2497
GARCIA PALACIOS, MARIA DEL CARMEN                52756416M       2008      6.6458          45005057 512 01     3, 4              AG, AC
   23,3332    13,0000    10,3332       9,0000        4,0000      0,0000      10,3332          0,0000         0,0000    0,0000     1,0000    0,0000    0,0000   1,0000    0,0000    0,0000
    0,0000     0,0000     0,0000       0,0000        0,0000      0,0000       0,0000          0,0000         1,0000    0,0000     0,0000    4,1666    0,0000   0,0000    4,1666    9,0000
    6,0000     3,0000     0,0000       3,0000        1,0000      0,2500       1,7500          0,0000         0,0000    0,0000    40,4998
SAEZ MEDRANO, FRANCISCO JAVIER                   22733797E       2008      6.2496          13001406 512 01     3                 AG
   23,3332    13,0000    10,3332       9,0000        4,0000      0,0000      10,3332          0,0000         0,0000    0,0000     3,0000    0,0000    3,0000   0,0000    0,0000    0,0000
    0,0000     0,0000     0,0000       0,0000        3,0000      0,0000       0,0000          0,0000         0,0000    0,0000     0,0000    5,0000    0,0000   0,0000    5,0000    6,0000
    6,0000     0,0000     0,0000       1,1000        1,0000      0.0000       0,1000          0,0000         0,0000    0,0000    38,4332
SOLERA ORBIS, ALBERTO JAVIER                     04590050D       2008      6.4734          13004122 512 01     3, 4              AG, AC
   23,3332    13,0000    10,3332       9,0000        4,0000      0,0000      10,3332          0,0000         0,0000    0,0000     3,0000    0,0000    3,0000   0,0000    0,0000    0,0000
    0,0000     0,0000     0,0000       3,0000        0,0000      0,0000       0,0000          0,0000         0,0000    0,0000     0,0000    4,4165    0,0000   0,0000    4,4165    9,0000
    6,0000     3,0000     0,0000       1,5000        0,0000      0,5000       1,0000          0,0000         0,0000    0,0000    41,2497




                                                                                                                                                                        www.educa.jccm.es
                                                                                                                                                                          Página 5 de 10
                                           Relación de Participantes en el Concurso de Traslados de Personal Docente de Profesores de Artes
                                                                              Plásticas y Diseño 2014-2015
                                                                                 Correciones al baremo




Cuerpo:    0595 PROFESORES DE ARTES PLASTICAS Y DISEÑO
Especialidad: 515 FOTOGRAFIA

Apellidos, Nombre                                 D.N.I.          Oposición                  Resulta            Apartados          Modalidades
        1.-      1.1.-         1.2.-     1.1.1.        1.1.2.      1.1.3.           1.2.1.       1.2.2.         1.2.3.       2.-        3.-      3.1.     3.2.     3.3.     3.1.1.    3.1.2.
     3.1.3.     3.1.4.        3.2.1.     3.2.2.        3.2.3.     3.3.A.          3.3.B.         3.3.C.        3.3.D.    3.3.E.      3.3.F.       4.-     4.1.     4.2.       4.3.         5.-
       5.1.          5.2.       5.3.        6.-            6.1.      6.2.             6.3.         6.4.           6.5.      6.6.   TOTAL
CASTILLO ROBLEDO, ALFREDO J.                      05647872S       2008      7.852            13004122 515 01     3                 AG
   31,3332    21,0000       10,3332    21,0000        0,0000      0,0000      10,3332           0,0000         0,0000    0,0000     0,0000     0,0000   0,0000   0,0000    0,0000    0,0000
    0,0000     0,0000        0,0000     0,0000        0,0000      0,0000       0,0000           0,0000         0,0000    0,0000     0,0000     4,0000   0,0000   0,0000    4,0000    6,0000
    6,0000     0,0000        0,0000     0,0000        0,0000      0.0000       0.0000           0,0000         0,0000    0,0000    41,3332
GOMEZ MOLERO, EDUARDO                             04183896N       2008      7.6              45005057 515 01     3, 4              AG, AC
   23,3332    13,0000       10,3332     9,0000        4,0000      0,0000      10,3332           0,0000         0,0000    0,0000     0,0000     0,0000   0,0000   0,0000    0,0000    0,0000
    0,0000     0,0000        0,0000     0,0000        0,0000      0,0000       0,0000           0,0000         0,0000    0,0000     0,0000     4,0000   0,0000   0,0000    4,0000    8,3000
    6,0000     2,3000        0,0000     0,7500        0,0500      0.0000       0,7000           0,0000         0,0000    0,0000    36,3832
HERNANDEZ DIEGUEZ, MARIA VICTORIA                 33305294Y       2008      6.8338           19008101 515 01     3                 AG
   36,7707    13,0000       23,7707     9,0000        4,0000      0,0000      10,3332           0,0000     13,4375       0,0000     0,0000     0,0000   0,0000   0,0000    0,0000    0,0000
    0,0000     0,0000        0,0000     0,0000        0,0000      0,0000       0,0000           0,0000      0,0000       0,0000     0,0000    10,0000   0,0000   5,0000    5,0000    6,5000
    6,0000     0,5000        0,0000     1,0000        0,0000      0,5000       0,5000           0,0000      0,0000       0,0000    54,2707
SANCHEZ YELA, LUIS                                03105124D       2008      7.1064           16008667 515 01     3, 4              AG, AC
   23,3332    13,0000       10,3332     9,0000        4,0000      0,0000      10,3332           0,0000         0,0000    0,0000     0,0000     0,0000   0,0000   0,0000    0,0000    0,0000
    0,0000     0,0000        0,0000     0,0000        0,0000      0,0000       0,0000           0,0000         0,0000    0,0000     0,0000     7,9166   0,0000   7,9166    0,0000    9,0000
    6,0000     3,0000        0,0000     5,5340        2,2000      1,0000       2,3340           0,0000         0,0000    0,0000    45,7838
SANZ DEL CERRO, PEDRO AGUSTIN                     11792721T       2010      8.0632           02007794 515 01     3                 AG
    8,6664     2,3332        6,3332     2,3332        0,0000      0,0000          6,3332        0,0000         0,0000    0,0000     0,0000     0,0000   0,0000   0,0000    0,0000    0,0000
    0,0000     0,0000        0,0000     0,0000        0,0000      0,0000          0,0000        0,0000         0,0000    0,0000     0,0000     0,0000   0,0000   0,0000    0,0000    9,0000
    6,0000     3,0000        0,0000     0,0000        0,0000      0.0000          0.0000        0,0000         0,0000    0,0000    17,6664




                                                                                                                                                                          www.educa.jccm.es
                                                                                                                                                                      Página 6 de 10
                                       Relación de Participantes en el Concurso de Traslados de Personal Docente de Profesores de Artes
                                                                          Plásticas y Diseño 2014-2015
                                                                             Correciones al baremo




Cuerpo:    0595 PROFESORES DE ARTES PLASTICAS Y DISEÑO
Especialidad: 516 HISTORIA DEL ARTE

Apellidos, Nombre                              D.N.I.          Oposición                 Resulta            Apartados          Modalidades
        1.-      1.1.-      1.2.-    1.1.1.         1.1.2.      1.1.3.        1.2.1.         1.2.2.         1.2.3.       2.-        3.-      3.1.     3.2.     3.3.     3.1.1.    3.1.2.
     3.1.3.     3.1.4.     3.2.1.    3.2.2.         3.2.3.     3.3.A.        3.3.B.          3.3.C.        3.3.D.    3.3.E.      3.3.F.       4.-     4.1.     4.2.       4.3.         5.-
       5.1.       5.2.       5.3.        6.-            6.1.      6.2.            6.3.         6.4.           6.5.      6.6.   TOTAL
MARTIN DE BERNARDO BELLON, JOSE MANUEL         70577340T       2008      6.4139          16008667 516 01     3, 4              AG, AC
   20,9998    10,6666    10,3332    4,6666         6,0000      0,0000      10,3332          0,0000         0,0000    0,0000     4,0000    2,0000    0,0000   2,0000    0,0000    0,0000
    2,0000     0,0000     0,0000    0,0000         0,0000      0,0000       0,0000          2,0000         0,0000    0,0000     0,0000    5,9166    0,0000   2,9166    3,0000    7,6000
    6,0000     1,6000     0,0000    1,0000         0,0000      1,0000       0.0000          0,0000         0,0000    0,0000    39,5164




                                                                                                                                                                      www.educa.jccm.es
                                                                                                                                                                     Página 7 de 10
                                       Relación de Participantes en el Concurso de Traslados de Personal Docente de Profesores de Artes
                                                                          Plásticas y Diseño 2014-2015
                                                                             Correciones al baremo




Cuerpo:    0595 PROFESORES DE ARTES PLASTICAS Y DISEÑO
Especialidad: 520 MATERIALES Y TECNOLOGIA: DISEÑO

Apellidos, Nombre                             D.N.I.          Oposición                 Resulta            Apartados          Modalidades
        1.-      1.1.-      1.2.-    1.1.1.        1.1.2.      1.1.3.        1.2.1.         1.2.2.         1.2.3.       2.-        3.-      3.1.     3.2.     3.3.     3.1.1.    3.1.2.
     3.1.3.     3.1.4.     3.2.1.    3.2.2.        3.2.3.     3.3.A.        3.3.B.          3.3.C.        3.3.D.    3.3.E.      3.3.F.       4.-     4.1.     4.2.       4.3.         5.-
       5.1.       5.2.       5.3.       6.-            6.1.      6.2.            6.3.         6.4.           6.5.      6.6.   TOTAL
SANCHEZ ROMANO, GEMA MARIA                    05690045Y       2008      6.0581          19008101 520 01     3, 4              AG, AC
   20,6664    10,3332    10,3332    2,3332        8,0000      0,0000      10,3332          0,0000         0,0000    0,0000     3,0000    3,0000    0,0000   0,0000    0,0000    3,0000
    0,0000     0,0000     0,0000    0,0000        0,0000      0,0000       0,0000          0,0000         0,0000    0,0000     0,0000    0,9163    0,0000   0,0000    0,9163    6,0000
    6,0000     0,0000     0,0000    0,0000        0,0000      0.0000       0.0000          0,0000         0,0000    0,0000    30,5827




                                                                                                                                                                     www.educa.jccm.es
                                                                                                                                                                        Página 8 de 10
                                          Relación de Participantes en el Concurso de Traslados de Personal Docente de Profesores de Artes
                                                                             Plásticas y Diseño 2014-2015
                                                                                Correciones al baremo




Cuerpo:    0595 PROFESORES DE ARTES PLASTICAS Y DISEÑO
Especialidad: 522 MEDIOS INFORMATICOS

Apellidos, Nombre                                D.N.I.          Oposición                 Resulta            Apartados          Modalidades
        1.-      1.1.-        1.2.-     1.1.1.        1.1.2.      1.1.3.        1.2.1.         1.2.2.         1.2.3.       2.-        3.-      3.1.     3.2.     3.3.     3.1.1.    3.1.2.
     3.1.3.     3.1.4.       3.2.1.     3.2.2.        3.2.3.     3.3.A.        3.3.B.          3.3.C.        3.3.D.    3.3.E.      3.3.F.       4.-     4.1.     4.2.       4.3.         5.-
       5.1.       5.2.         5.3.        6.-            6.1.      6.2.            6.3.         6.4.           6.5.      6.6.   TOTAL
ARENAS GALIANA, JESUS MANUEL                     05923395K       2008      5.3153                              3                 JG
   20,6664    10,3332      10,3332     0,0000       10,3332      0,0000      10,3332          0,0000         0,0000    0,0000     1,0000    0,0000    0,0000   1,0000    0,0000    0,0000
    0,0000     0,0000       0,0000     0,0000        0,0000      0,0000       0,0000          0,0000         1,0000    0,0000     0,0000    4,1666    0,0000   0,0000    4,1666    7,6000
    6,0000     1,6000       0,0000     1,6000        0,0000      0.0000       0,1000          1,5000         0,0000    0,0000    35,0330
GONZALEZ BRAVO, MONICA                           06267095D       2008      5.5735                              3                 JG
   20,6664    10,3332      10,3332     0,0000       10,3332      0,0000      10,3332          0,0000         0,0000    0,0000     0,0000    0,0000    0,0000   0,0000    0,0000    0,0000
    0,0000     0,0000       0,0000     0,0000        0,0000      0,0000       0,0000          0,0000         0,0000    0,0000     0,0000    2,9163    0,0000   0,0000    2,9163    6,0000
    6,0000     0,0000       0,0000     0,7000        0,0000      0,2500       0,4500          0,0000         0,0000    0,0000    30,2827
JAIMEZ PEREZ, JOSE ANGEL                         74641971W       2008      5.9604                              3, 4              JG, AC
   21,3328    10,6664      10,6664     0,0000       10,6664      0,0000      10,6664          0,0000         0,0000    0,0000     3,0000    3,0000    0,0000   0,0000    0,0000    3,0000
    0,0000     0,0000       0,0000     0,0000        0,0000      0,0000       0,0000          0,0000         0,0000    0,0000     0,0000    3,0833    0,0000   0,0000    3,0833    6,0000
    6,0000     0,0000       0,0000     0,5000        0,0000      0,2500       0,2500          0,0000         0,0000    0,0000    33,9161
LOPEZ-LEITON RAMOS, ROCIO                        77596625F       2008      5.3081          45003930 522 01     3                 AG
   23,3332    13,0000      10,3332     9,0000        4,0000      0,0000      10,3332          0,0000         0,0000    0,0000     5,0000    0,0000    0,0000   5,0000    0,0000    0,0000
    0,0000     0,0000       0,0000     0,0000        0,0000      0,0000       0,0000          4,0000         1,0000    0,0000     0,0000    0,0000    0,0000   0,0000    0,0000    6,0000
    6,0000     0,0000       0,0000     0,0115        0,0000      0.0000       0,0115          0,0000         0,0000    0,0000    34,3447
MANCHADO GONZALEZ, LUIS                          52380593W       2008      7.9748          13004122 522 01     3, 4              AG, AC
   31,3332    21,0000      10,3332    21,0000        0,0000      0,0000      10,3332          0,0000         0,0000    0,0000     0,0000    0,0000    0,0000   0,0000    0,0000    0,0000
    0,0000     0,0000       0,0000     0,0000        0,0000      0,0000       0,0000          0,0000         0,0000    0,0000     0,0000    1,6664    0,0000   0,0000    1,6664    6,3000
    6,0000     0,3000       0,0000     3,8000        1,3000      0.0000       2,5000          0,0000         0,0000    0,0000    43,0996
NAVARRO LOPEZ, ANA                               71215056H       2008      6.6729          02007794 522 01     3, 4              AG, AC
   20,9998    10,6666      10,3332     4,6666        6,0000      0,0000      10,3332          0,0000         0,0000    0,0000     0,0000    0,0000    0,0000   0,0000    0,0000    0,0000
    0,0000     0,0000       0,0000     0,0000        0,0000      0,0000       0,0000          0,0000         0,0000    0,0000     0,0000    5,0000    0,0000   0,0000    5,0000    6,0000
    6,0000     0,0000       0,0000     0,0000        0,0000      0.0000       0.0000          0,0000         0,0000    0,0000    31,9998




                                                                                                                                                                        www.educa.jccm.es
                                                                                                                                                                        Página 9 de 10
                                          Relación de Participantes en el Concurso de Traslados de Personal Docente de Profesores de Artes
                                                                             Plásticas y Diseño 2014-2015
                                                                                Correciones al baremo




Cuerpo:    0595 PROFESORES DE ARTES PLASTICAS Y DISEÑO
Especialidad: 522 MEDIOS INFORMATICOS

Apellidos, Nombre                                D.N.I.          Oposición                 Resulta            Apartados          Modalidades
        1.-      1.1.-        1.2.-     1.1.1.        1.1.2.      1.1.3.        1.2.1.         1.2.2.         1.2.3.       2.-        3.-      3.1.     3.2.     3.3.     3.1.1.    3.1.2.
     3.1.3.     3.1.4.       3.2.1.     3.2.2.        3.2.3.     3.3.A.        3.3.B.          3.3.C.        3.3.D.    3.3.E.      3.3.F.       4.-     4.1.     4.2.       4.3.         5.-
       5.1.       5.2.         5.3.        6.-            6.1.      6.2.            6.3.         6.4.           6.5.      6.6.   TOTAL
SANCHEZ IZQUIERDO, JUAN ANTONIO                  47051291F       2008      5.4429                              3                 JG
   20,6664    10,3332      10,3332     0,0000       10,3332      0,0000      10,3332          0,0000         0,0000    0,0000     0,0000    0,0000    0,0000   0,0000    0,0000    0,0000
    0,0000     0,0000       0,0000     0,0000        0,0000      0,0000       0,0000          0,0000         0,0000    0,0000     0,0000    5,0000    0,0000   0,0000    5,0000    7,0000
    6,0000     1,0000       0,0000     0,2500        0,0000      0,2500       0.0000          0,0000         0,0000    0,0000    32,9164
VELASCO GONZALEZ, AMELIA                         30662518E       2008      5.5166          16008667 522 01     3, 4              AG, AC
   27,3332    17,0000      10,3332    15,0000        2,0000      0,0000      10,3332          0,0000         0,0000    0,0000     4,0000    3,0000    0,0000   1,0000    0,0000    3,0000
    0,0000     0,0000       0,0000     0,0000        0,0000      0,0000       0,0000          0,0000         1,0000    0,0000     0,0000    4,1666    0,0000   0,0000    4,1666    6,0000
    6,0000     0,0000       0,0000     0,7500        0,0000      0,7500       0.0000          0,0000         0,0000    0,0000    42,2498




                                                                                                                                                                        www.educa.jccm.es
                                                                                                                                                                    Página 10 de 10
                                      Relación de Participantes en el Concurso de Traslados de Personal Docente de Profesores de Artes
                                                                         Plásticas y Diseño 2014-2015
                                                                            Correciones al baremo




Cuerpo:    0595 PROFESORES DE ARTES PLASTICAS Y DISEÑO
Especialidad: 523 ORGANIZACION INDUSTRIAL Y LEGISLACION

Apellidos, Nombre                            D.N.I.          Oposición                 Resulta            Apartados          Modalidades
        1.-     1.1.-      1.2.-    1.1.1.        1.1.2.      1.1.3.        1.2.1.         1.2.2.         1.2.3.       2.-        3.-      3.1.     3.2.     3.3.     3.1.1.     3.1.2.
     3.1.3.    3.1.4.     3.2.1.    3.2.2.        3.2.3.     3.3.A.        3.3.B.          3.3.C.        3.3.D.    3.3.E.      3.3.F.       4.-     4.1.     4.2.       4.3.          5.-
       5.1.      5.2.       5.3.       6.-            6.1.      6.2.            6.3.         6.4.           6.5.      6.6.   TOTAL
RODRIGO ROJO, CARMEN                         03427248H       2008      7.9743          45003930 523 01     3                 AG
   19,3332    9,0000    10,3332    9,0000        0,0000      0,0000      10,3332          0,0000         0,0000    0,0000     2,0000    2,0000    0,0000   0,0000    0,0000     0,0000
    2,0000    0,0000     0,0000    0,0000        0,0000      0,0000       0,0000          0,0000         0,0000    0,0000     0,0000    5,0000    0,0000   0,0000    5,0000     9,0000
    6,0000    3,0000     0,0000    0,0500        0,0500      0.0000       0.0000          0,0000         0,0000    0,0000    35,3832




                                                                                                                                                                    www.educa.jccm.es
