                                                                                                                                                                       Página 1 de 7

                                           Relación de Participantes en el Concurso de Traslados de Personal Docente de Profesores de Escuelas
                                                                              Oficiales de Idiomas 2015-2016




Cuerpo:    0592 PROFESORES DE ESCUELAS OFICIALES DE IDIOMAS
Especialidad: 001 ALEMAN

Apellidos, Nombre                                   D.N.I.          Oposición                 Resulta       Apartados           Modalidades
         1.-         1.1.-      1.2.-      1.1.1.        1.1.2.      1.1.3.        1.2.1.         1.2.2.    1.2.3.       2.-         3.-      3.1.     3.2.     3.3.     3.1.1.    3.1.2.
      3.1.3.        3.1.4.     3.2.1.      3.2.2.        3.2.3.     3.3.A.        3.3.B.         3.3.C.    3.3.D.    3.3.E.       3.3.F.       4.-     4.1.     4.2.       4.3.        5.-
        5.1.          5.2.       5.3.         6.-            6.1.      6.2.            6.3.         6.4.      6.5.      6.6.    TOTAL
MATEOS POLO, DELFINA                                07841191P       1993                                     3                  AG
  155,3332     113,0000      42,3332    111,0000        2,0000      0,0000      42,3332          0,0000    0,0000    0,0000      3,0000    0,0000    0,0000   3,0000    0,0000    0,0000
    0,0000       0,0000       0,0000      0,0000        0,0000      0,0000       0,0000          2,0000    1,0000    0,0000      0,0000    5,0000    0,0000   0,0000    5,0000    8,1000
    5,5000       2,6000       0,0000      0,4500        0,0500      0,2500       0,0500          0,0000    0,0000    0,1000    171,8832
MELCHOR ORTIZ, CONCEPCION                           04176611H       2008      8.6941                         3, 4               AG, AC
    39,9998     27,5000      12,4998     27,5000        0,0000      0,0000      12,4998          0,0000    0,0000    0,0000      2,0000    0,0000    0,0000   2,0000    0,0000    0,0000
     0,0000      0,0000       0,0000      0,0000        0,0000      0,0000       0,0000          2,0000    0,0000    0,0000      0,0000    4,8330    0,0000   0,0000    4,8330    9,0000
     6,0000      3,0000       0,0000      0,0000        0,0000      0.0000       0.0000          0,0000    0,0000    0,0000     55,8328
PFEIFFER ., ANTJE                                   X1517425T       2008      6.2975                         3                  AG
    35,9998     23,5000      12,4998     21,5000        2,0000      0,0000      12,4998          0,0000    0,0000    0,0000      4,0000    0,0000    0,0000   4,0000    0,0000    0,0000
     0,0000      0,0000       0,0000      0,0000        0,0000      0,0000       0,0000          4,0000    0,0000    0,0000      0,0000    6,4995    1,6665   0,0000    4,8330    9,0000
     6,0000      3,0000       0,0000      0,0000        0,0000      0.0000       0.0000          0,0000    0,0000    0,0000     55,4993




                                                                                                                                                                       www.educa.jccm.es
                                                                                                                                                                       Página 2 de 7

                                        Relación de Participantes en el Concurso de Traslados de Personal Docente de Profesores de Escuelas
                                                                           Oficiales de Idiomas 2015-2016




Cuerpo:    0592 PROFESORES DE ESCUELAS OFICIALES DE IDIOMAS
Especialidad: 008 FRANCES

Apellidos, Nombre                                D.N.I.          Oposición                  Resulta       Apartados           Modalidades
         1.-      1.1.-       1.2.-     1.1.1.        1.1.2.      1.1.3.           1.2.1.       1.2.2.    1.2.3.       2.-         3.-      3.1.      3.2.      3.3.     3.1.1.    3.1.2.
      3.1.3.     3.1.4.      3.2.1.     3.2.2.        3.2.3.     3.3.A.        3.3.B.          3.3.C.    3.3.D.    3.3.E.       3.3.F.       4.-      4.1.      4.2.       4.3.        5.-
        5.1.       5.2.        5.3.        6.-            6.1.      6.2.             6.3.         6.4.      6.5.      6.6.    TOTAL
CALLEJA QUILEZ, PILAR                            07546054F       1991      9.7158                          3                  AG
   85,8332     39,5000    46,3332     39,5000        0,0000      0,0000      46,3332           0,0000    0,0000    0,0000      2,0000     0,0000    0,0000    2,0000    0,0000    0,0000
    0,0000      0,0000     0,0000      0,0000        0,0000      0,0000       0,0000           0,0000    2,0000    0,0000      0,0000    20,0000   20,0000   10,0000    5,0000    7,6000
    6,0000      1,6000     0,0000      0,2500        0,0000      0.0000       0.0000           0,0000    0,2500    0,0000    115,6832
CALVO LUISIER, MYRIAM                            04575359S       2008      8.3688                          3, 4               AG, AC
   39,9998     27,5000    12,4998     27,5000        0,0000      0,0000      12,4998           0,0000    0,0000    0,0000      7,0000     5,0000    0,0000    2,0000    0,0000    3,0000
    2,0000      0,0000     0,0000      0,0000        0,0000      0,0000       0,0000           2,0000    0,0000    0,0000      0,0000     9,7499    0,0000    7,5000    2,2499    6,0000
    6,0000      0,0000     0,0000      0,0000        0,0000      0.0000       0.0000           0,0000    0,0000    0,0000     62,7497
CASERO MARTIN, LUIS FELIPE                       06270112J       2008      7.4746                          3                  JG
   24,9996     12,4998    12,4998      0,0000       12,4998      0,0000      12,4998           0,0000    0,0000    0,0000      3,0000     0,0000    0,0000    3,0000    0,0000    0,0000
    0,0000      0,0000     0,0000      0,0000        0,0000      0,0000       3,0000           0,0000    0,0000    0,0000      0,0000     5,0000    0,0000    0,0000    5,0000    8,1000
    6,0000      2,1000     0,0000      0,0000        0,0000      0.0000       0.0000           0,0000    0,0000    0,0000     41,0996
CASTELLANOS SEGURA, JOSE LUIS                    05912630C       2008      16.95                           3, 4               AG, AC
   54,9998     27,5000    27,4998     27,5000        0,0000      0,0000      12,4998          15,0000    0,0000    0,0000      6,0000     0,0000    3,0000    3,0000    0,0000    0,0000
    0,0000      0,0000     0,0000      0,0000        3,0000      0,0000       0,0000           2,0000    1,0000    0,0000      0,0000     5,0000    0,0000    0,0000    5,0000    6,0000
    6,0000      0,0000     0,0000      0,0000        0,0000      0.0000       0.0000           0,0000    0,0000    0,0000     71,9998
GARCIA CABALLERO, ESMERALDA                      05645375W       2008      7.3816                          3                  JG
   24,9996     12,4998    12,4998      0,0000       12,4998      0,0000      12,4998           0,0000    0,0000    0,0000      3,0000     0,0000    0,0000    3,0000    0,0000    0,0000
    0,0000      0,0000     0,0000      0,0000        0,0000      0,0000       0,0000           2,0000    1,0000    0,0000      0,0000     2,9163    0,0000    0,0000    2,9163    7,6000
    6,0000      1,6000     0,0000      0,0000        0,0000      0.0000       0.0000           0,0000    0,0000    0,0000     38,5159
JERONIMO FERNANDEZ, JOSE ANTONIO                 74719753K       2008      7.7909                          3                  JG
   24,9996     12,4998    12,4998      0,0000       12,4998      0,0000      12,4998           0,0000    0,0000    0,0000      2,0000     0,0000    0,0000    2,0000    0,0000    0,0000
    0,0000      0,0000     0,0000      0,0000        0,0000      0,0000       0,0000           2,0000    0,0000    0,0000      0,0000     5,0000    0,0000    0,0000    5,0000    8,0000
    6,0000      2,0000     0,0000      0,0000        0,0000      0.0000       0.0000           0,0000    0,0000    0,0000     39,9996




                                                                                                                                                                       www.educa.jccm.es
                                                                                                                                                                     Página 3 de 7

                                        Relación de Participantes en el Concurso de Traslados de Personal Docente de Profesores de Escuelas
                                                                           Oficiales de Idiomas 2015-2016




Cuerpo:    0592 PROFESORES DE ESCUELAS OFICIALES DE IDIOMAS
Especialidad: 008 FRANCES

Apellidos, Nombre                                D.N.I.          Oposición                 Resulta       Apartados           Modalidades
        1.-      1.1.-        1.2.-     1.1.1.        1.1.2.      1.1.3.        1.2.1.         1.2.2.    1.2.3.       2.-         3.-      3.1.     3.2.      3.3.     3.1.1.    3.1.2.
     3.1.3.     3.1.4.       3.2.1.     3.2.2.        3.2.3.     3.3.A.        3.3.B.         3.3.C.    3.3.D.    3.3.E.       3.3.F.       4.-     4.1.      4.2.       4.3.        5.-
       5.1.       5.2.         5.3.        6.-            6.1.      6.2.            6.3.         6.4.      6.5.      6.6.    TOTAL
LOPEZ MARTINEZ, ESMERALDA                        03112097J       2008      7.1169                         3                  JG
   24,9996    12,4998      12,4998     0,0000       12,4998      0,0000      12,4998          0,0000    0,0000    0,0000      3,0000     0,0000   0,0000    3,0000    0,0000    0,0000
    0,0000     0,0000       0,0000     0,0000        0,0000      0,0000       0,0000          2,0000    1,0000    0,0000      0,0000    14,3745   0,0000   13,5415    0,8330    9,0000
    6,0000     3,0000       0,0000     0,0000        0,0000      0.0000       0.0000          0,0000    0,0000    0,0000     51,3741
MARTIN MONTERO, M CONCEPCION                     50148660N       2008      7.0534                         4                  AC
   24,6656    12,3324      12,3332     0,4998       11,8326      0,0000      12,3332          0,0000    0,0000    0,0000      0,0000     0,0000   0,0000    0,0000    0,0000    0,0000
    0,0000     0,0000       0,0000     0,0000        0,0000      0,0000       0,0000          0,0000    0,0000    0,0000      0,0000     0,0000   0,0000    0,0000    0,0000    9,0000
    6,0000     3,0000       0,0000     0,0000        0,0000      0.0000       0.0000          0,0000    0,0000    0,0000     33,6656
PRIETO SEISDEDOS, ADELA                          11972434Z       2001      4.2367                         3, 4               AG, AC
   91,6666    65,5000      26,1666    63,5000        2,0000      0,0000      26,1666          0,0000    0,0000    0,0000      2,0000     0,0000   0,0000    2,0000    0,0000    0,0000
    0,0000     0,0000       0,0000     0,0000        0,0000      0,0000       0,0000          2,0000    0,0000    0,0000      0,0000     5,0000   0,0000    0,0000    5,0000    9,0000
    6,0000     3,0000       0,0000     0,0000        0,0000      0.0000       0.0000          0,0000    0,0000    0,0000    107,6666
TRINIDAD MORA, MARIA PAZ                         05904574Z       2008      8.1244                         3, 4               AG, AC
   39,9998    27,5000      12,4998    27,5000        0,0000      0,0000      12,4998          0,0000    0,0000    0,0000      4,0000     0,0000   0,0000    4,0000    0,0000    0,0000
    0,0000     0,0000       0,0000     0,0000        0,0000      0,0000       0,0000          4,0000    0,0000    0,0000      0,0000     4,1666   0,0000    0,0000    4,1666    5,7000
    4,7000     1,0000       0,0000     0,0000        0,0000      0.0000       0.0000          0,0000    0,0000    0,0000     53,8664




                                                                                                                                                                     www.educa.jccm.es
                                                                                                                                                                    Página 4 de 7

                                      Relación de Participantes en el Concurso de Traslados de Personal Docente de Profesores de Escuelas
                                                                         Oficiales de Idiomas 2015-2016




Cuerpo:    0592 PROFESORES DE ESCUELAS OFICIALES DE IDIOMAS
Especialidad: 011 INGLES

Apellidos, Nombre                              D.N.I.          Oposición                 Resulta       Apartados           Modalidades
        1.-      1.1.-      1.2.-     1.1.1.        1.1.2.      1.1.3.          1.2.1.       1.2.2.    1.2.3.       2.-         3.-      3.1.      3.2.      3.3.     3.1.1.    3.1.2.
     3.1.3.     3.1.4.     3.2.1.     3.2.2.        3.2.3.     3.3.A.           3.3.B.      3.3.C.    3.3.D.    3.3.E.       3.3.F.       4.-      4.1.      4.2.       4.3.        5.-
       5.1.       5.2.       5.3.        6.-            6.1.      6.2.            6.3.         6.4.      6.5.      6.6.    TOTAL
ABELLAN CLEMENTE, MARIA ISABEL                 77582575X       2001      6.97                           3, 4               AG, AC
   95,9998    69,5000    26,4998    69,5000        0,0000      0,0000      26,4998          0,0000    0,0000    0,0000      3,0000     0,0000    0,0000    3,0000    0,0000    0,0000
    0,0000     0,0000     0,0000     0,0000        0,0000      0,0000       0,0000          2,0000    1,0000    0,0000      0,0000    20,0000    0,0000   20,0000    2,9163    8,8000
    6,0000     2,8000     0,0000     0,2500        0,0000      0.0000       0.0000          0,0000    0,2500    0,0000    128,0498
CAMACHO ALARCON, MARIA PRADO                   05682364F       2008      6.4473                         3, 4               AG, AC
   31,9998    19,5000    12,4998    15,5000        4,0000      0,0000      12,4998          0,0000    0,0000    0,0000     10,0000     0,0000    6,0000    6,0000    0,0000    0,0000
    0,0000     0,0000     0,0000     6,0000        0,0000      0,0000       6,0000          0,0000    0,0000    0,0000      0,0000     2,1666    0,0000    0,0000    2,1666    7,8000
    6,0000     1,8000     0,0000     0,2500        0,0000      0,2500       0.0000          0,0000    0,0000    0,0000     52,2164
CAÑAMERO BARAHONA, ESTHER                      05671936K       2008      7.0674                         3                  AG
   14,9996     2,4998    12,4998     2,4998        0,0000      0,0000      12,4998          0,0000    0,0000    0,0000      0,0000     0,0000    0,0000    0,0000    0,0000    0,0000
    0,0000     0,0000     0,0000     0,0000        0,0000      0,0000       0,0000          0,0000    0,0000    0,0000      0,0000     5,0000    0,0000    0,0000    5,0000    6,0000
    6,0000     0,0000     0,0000     0,0000        0,0000      0.0000       0.0000          0,0000    0,0000    0,0000     25,9996
CARCELEN BALLESTEROS, VALENTIN                 05171468X       1992                                     3                  BG
   33,7500     0,0000    33,7500     0,0000        0,0000      0,0000       2,0000         31,7500    0,0000    0,0000      2,0000     0,0000    0,0000    2,0000    0,0000    0,0000
    0,0000     0,0000     0,0000     0,0000        0,0000      0,0000       0,0000          2,0000    0,0000    0,0000      0,0000    20,0000   20,0000    0,0000    0,0000    9,0000
    6,0000     3,0000     0,0000     1,0000        0,0000      1,0000       0.0000          0,0000    0,0000    0,0000     65,7500
CUEVAS CARRASCO, AURELIO                       74507199X       2008      8.1609                         3                  AG
   39,9998    27,5000    12,4998    27,5000        0,0000      0,0000      12,4998          0,0000    0,0000    0,0000      3,0000     0,0000    0,0000    3,0000    0,0000    0,0000
    0,0000     0,0000     0,0000     0,0000        0,0000      0,0000       0,0000          2,0000    1,0000    0,0000      0,0000    15,6249    0,0000   15,6249    0,0000    9,0000
    6,0000     3,0000     0,0000     0,0000        0,0000      0.0000       0.0000          0,0000    0,0000    0,0000     67,6247
EGIDO FERNANDEZ, CONSUELO DEL                  05159204M       2008      6.6201                         3, 4               AG, AC
   24,9996    12,4998    12,4998     2,4998       10,0000      0,0000      12,4998          0,0000    0,0000    0,0000      3,0000     0,0000    0,0000    3,0000    0,0000    0,0000
    0,0000     0,0000     0,0000     0,0000        0,0000      0,0000       0,0000          2,0000    1,0000    0,0000      0,0000     3,1666    0,0000    0,0000    3,1666    6,0000
    6,0000     0,0000     0,0000     0,2500        0,0000      0,2500       0.0000          0,0000    0,0000    0,0000     37,4162




                                                                                                                                                                    www.educa.jccm.es
                                                                                                                                                                    Página 5 de 7

                                        Relación de Participantes en el Concurso de Traslados de Personal Docente de Profesores de Escuelas
                                                                           Oficiales de Idiomas 2015-2016




Cuerpo:    0592 PROFESORES DE ESCUELAS OFICIALES DE IDIOMAS
Especialidad: 011 INGLES

Apellidos, Nombre                                D.N.I.          Oposición                 Resulta       Apartados          Modalidades
        1.-      1.1.-        1.2.-     1.1.1.        1.1.2.      1.1.3.        1.2.1.         1.2.2.    1.2.3.       2.-        3.-      3.1.     3.2.      3.3.     3.1.1.    3.1.2.
     3.1.3.     3.1.4.       3.2.1.     3.2.2.        3.2.3.     3.3.A.        3.3.B.         3.3.C.    3.3.D.    3.3.E.      3.3.F.       4.-     4.1.      4.2.       4.3.        5.-
       5.1.       5.2.         5.3.        6.-            6.1.      6.2.            6.3.         6.4.      6.5.      6.6.   TOTAL
GONZALEZ LARA, ENCARNACION                       47060021C       2008      6.2509                         3, 4              AG, AC
   35,9998    23,5000      12,4998    21,5000        2,0000      0,0000      12,4998          0,0000    0,0000    0,0000     5,0000     2,0000   0,0000    3,0000    0,0000    0,0000
    2,0000     0,0000       0,0000     0,0000        0,0000      0,0000       0,0000          2,0000    1,0000    0,0000     0,0000     2,7499   0,0000    2,5000    0,2499    9,0000
    6,0000     3,0000       0,0000     2,1600        0,2000      0,7500       0.0000          0,9600    0,2500    0,0000    54,9097
JALDO VALLEJO, MANUEL                            24219730V       2008      8.6534                         3, 4              AG, AC
   39,9998    27,5000      12,4998    27,5000        0,0000      0,0000      12,4998          0,0000    0,0000    0,0000     2,0000     0,0000   0,0000    2,0000    0,0000    0,0000
    0,0000     0,0000       0,0000     0,0000        0,0000      0,0000       0,0000          2,0000    0,0000    0,0000     0,0000     6,4995   0,0000    2,0830    4,4165    6,0000
    6,0000     0,0000       0,0000     0,2500        0,0000      0,2500       0.0000          0,0000    0,0000    0,0000    54,7493
JUNCO EZQUERRA, ANTONIO JESUS                    42811971R       2008      7.5635                         3                 AG
   39,9998    27,5000      12,4998    27,5000        0,0000      0,0000      12,4998          0,0000    0,0000    0,0000     4,0000     2,0000   0,0000    2,0000    0,0000    0,0000
    2,0000     0,0000       0,0000     0,0000        0,0000      0,0000       0,0000          2,0000    0,0000    0,0000     0,0000    10,2083   0,0000   10,2083    0,0000    6,0000
    6,0000     0,0000       0,0000     2,0000        0,0000      0.0000       2,0000          0,0000    0,0000    0,0000    62,2081
MARTINEZ GARCIA, HILARIO                         05199367X       2008      8.3958                         3, 4              AG, AC
   39,9998    27,5000      12,4998    27,5000        0,0000      0,0000      12,4998          0,0000    0,0000    0,0000     7,0000     0,0000   0,0000    7,0000    0,0000    0,0000
    0,0000     0,0000       0,0000     0,0000        0,0000      0,0000       3,0000          2,0000    2,0000    0,0000     0,0000     5,0000   0,0000    0,0000    5,0000    9,0000
    6,0000     3,0000       0,0000     0,5000        0,0000      0,5000       0.0000          0,0000    0,0000    0,0000    61,4998
MELLON AGREDA, ANNE                              X0606049E       2008      7.9345                         3, 4              AG, AC
   39,9998    27,5000      12,4998    27,5000        0,0000      0,0000      12,4998          0,0000    0,0000    0,0000     3,0000     0,0000   0,0000    3,0000    0,0000    0,0000
    0,0000     0,0000       0,0000     0,0000        0,0000      0,0000       3,0000          0,0000    0,0000    0,0000     0,0000     6,6249   0,0000    5,6249    1,0000    7,1000
    6,0000     1,1000       0,0000     0,1000        0,0000      0.0000       0.0000          0,0000    0,0000    0,1000    56,8247
NAVARRO MOLINA, PABLO ENRIQUE                    07548049R       2008      8.1872                         3, 4              AG, AC
   39,9998    27,5000      12,4998    27,5000        0,0000      0,0000      12,4998          0,0000    0,0000    0,0000    10,0000     2,0000   0,0000    8,0000    0,0000    0,0000
    2,0000     0,0000       0,0000     0,0000        0,0000      4,0000       3,0000          0,0000    1,0000    0,0000     0,0000     5,0000   0,0000    0,0000    5,0000    9,0000
    6,0000     3,0000       0,0000     0,7500        0,0000      0,7500       0.0000          0,0000    0,0000    0,0000    64,7498




                                                                                                                                                                    www.educa.jccm.es
                                                                                                                                                                    Página 6 de 7

                                         Relación de Participantes en el Concurso de Traslados de Personal Docente de Profesores de Escuelas
                                                                            Oficiales de Idiomas 2015-2016




Cuerpo:    0592 PROFESORES DE ESCUELAS OFICIALES DE IDIOMAS
Especialidad: 011 INGLES

Apellidos, Nombre                                 D.N.I.          Oposición                 Resulta       Apartados          Modalidades
        1.-      1.1.-         1.2.-     1.1.1.        1.1.2.      1.1.3.        1.2.1.         1.2.2.    1.2.3.       2.-        3.-      3.1.     3.2.     3.3.     3.1.1.    3.1.2.
     3.1.3.     3.1.4.        3.2.1.     3.2.2.        3.2.3.     3.3.A.        3.3.B.         3.3.C.    3.3.D.    3.3.E.      3.3.F.       4.-     4.1.     4.2.       4.3.        5.-
       5.1.       5.2.          5.3.        6.-            6.1.      6.2.            6.3.         6.4.      6.5.      6.6.   TOTAL
PARDO MERINO, MARIA JOSE                          05649317B       2008      7.0816                         3, 4              AG, AC
   14,9996     2,4998      12,4998      2,4998        0,0000      0,0000      12,4998          0,0000    0,0000    0,0000     2,0000    0,0000    0,0000   2,0000    0,0000    0,0000
    0,0000     0,0000       0,0000      0,0000        0,0000      0,0000       0,0000          2,0000    0,0000    0,0000     0,0000    2,9163    0,0000   0,0000    2,9163    5,8000
    5,8000     0,0000       0,0000      0,0000        0,0000      0.0000       0.0000          0,0000    0,0000    0,0000    25,7159
PASCUAL PARRA, ALFONSA                            05644790S       2008      8.3117                         3, 4              AG, AC
   39,9998    27,5000      12,4998     27,5000        0,0000      0,0000      12,4998          0,0000    0,0000    0,0000     2,0000    0,0000    0,0000   2,0000    0,0000    0,0000
    0,0000     0,0000       0,0000      0,0000        0,0000      0,0000       0,0000          0,0000    2,0000    0,0000     0,0000    2,0833    0,0000   0,0000    2,0833    8,5000
    6,0000     2,5000       0,0000      0,2500        0,0000      0,2500       0.0000          0,0000    0,0000    0,0000    52,8331
ROCHA CAÑIZARES, ANTONIO F.                       52679376S       2008      6.7877                         3                 AG
   31,9998    19,5000      12,4998     15,5000        4,0000      0,0000      12,4998          0,0000    0,0000    0,0000     7,0000    0,0000    0,0000   7,0000    0,0000    0,0000
    0,0000     0,0000       0,0000      0,0000        0,0000      0,0000       3,0000          4,0000    0,0000    0,0000     0,0000    4,0000    0,0000   0,0000    4,0000    9,0000
    6,0000     3,0000       0,0000      0,0000        0,0000      0.0000       0.0000          0,0000    0,0000    0,0000    51,9998
ROMERO AREVALO, ANGEL                             30965961A       2008      6.2246                         3, 4              AG, AC
   24,9996    12,4998      12,4998      2,4998       10,0000      0,0000      12,4998          0,0000    0,0000    0,0000     0,0000    0,0000    0,0000   0,0000    0,0000    0,0000
    0,0000     0,0000       0,0000      0,0000        0,0000      0,0000       0,0000          0,0000    0,0000    0,0000     0,0000    0,2499    0,0000   0,0000    0,2499    6,0000
    6,0000     0,0000       0,0000      1,0000        0,0000      1,0000       0.0000          0,0000    0,0000    0,0000    32,2495




                                                                                                                                                                    www.educa.jccm.es
                                                                                                                                                                    Página 7 de 7

                                         Relación de Participantes en el Concurso de Traslados de Personal Docente de Profesores de Escuelas
                                                                            Oficiales de Idiomas 2015-2016




Cuerpo:    0592 PROFESORES DE ESCUELAS OFICIALES DE IDIOMAS
Especialidad: 012 ITALIANO

Apellidos, Nombre                                 D.N.I.          Oposición                 Resulta       Apartados          Modalidades
        1.-         1.1.-      1.2.-     1.1.1.        1.1.2.      1.1.3.        1.2.1.         1.2.2.    1.2.3.       2.-        3.-      3.1.     3.2.     3.3.     3.1.1.    3.1.2.
     3.1.3.        3.1.4.     3.2.1.     3.2.2.        3.2.3.     3.3.A.        3.3.B.         3.3.C.    3.3.D.    3.3.E.      3.3.F.       4.-     4.1.     4.2.       4.3.        5.-
       5.1.          5.2.       5.3.        6.-            6.1.      6.2.            6.3.         6.4.      6.5.      6.6.   TOTAL
CRISTIANO, ELENA                                  X6929092C       2008      7.3896                         4                 AC
   12,9996     0,4998       12,4998     0,4998        0,0000      0,0000      12,4998          0,0000    0,0000    0,0000     0,0000    0,0000    0,0000   0,0000    0,0000    0,0000
    0,0000     0,0000        0,0000     0,0000        0,0000      0,0000       0,0000          0,0000    0,0000    0,0000     0,0000    0,0000    0,0000   0,0000    0,0000    9,0000
    6,0000     3,0000        0,0000     0,0000        0,0000      0.0000       0.0000          0,0000    0,0000    0,0000    21,9996
MORATO LARA, MARIA ISABEL                         51363772B       2008      8.9387                         3, 4              AG, AC
   27,9998    15,5000       12,4998    15,5000        0,0000      0,0000      12,4998          0,0000    0,0000    0,0000     2,0000    0,0000    0,0000   2,0000    0,0000    0,0000
    0,0000     0,0000        0,0000     0,0000        0,0000      0,0000       0,0000          2,0000    0,0000    0,0000     0,0000    5,0000    0,0000   0,0000    5,0000    8,5000
    6,0000     2,5000        0,0000     0,5000        0,0000      0,5000       0.0000          0,0000    0,0000    0,0000    43,9998




                                                                                                                                                                    www.educa.jccm.es
