                                                                                                                                                              Página 1 de 2

                                     Relación de Participantes en el Concurso de Traslados de Personal Docente de Maestros de Taller de Artes
                                                                           Plásticas y Diseño 2015-2016




Cuerpo:    0596 MAESTROS DE TALLER DE ARTES PLASTICAS DISEÑO
Especialidad: 605 EBANISTERIA ARTISTICA

Apellidos, Nombre                               D.N.I.          Oposición            Resulta       Apartados           Modalidades
        1.-      1.1.-       1.2.-     1.1.1.        1.1.2.      1.1.3.     1.2.1.       1.2.2.    1.2.3.       2.-         3.-      3.1.     3.2.     3.3.     3.1.1.    3.1.2.
     3.1.3.     3.1.4.      3.2.1.     3.2.2.        3.2.3.     3.3.A.      3.3.B.      3.3.C.    3.3.D.    3.3.E.       3.3.F.       4.-     4.1.     4.2.       4.3.        5.-
       5.1.       5.2.        5.3.        6.-            6.1.      6.2.       6.3.         6.4.      6.5.      6.6.    TOTAL
LAZARO ESPADAS, ALFONSO                         05645549S       1989                                3                  AG
  141,3332    93,0000     48,3332    93,0000        0,0000      0,0000    48,3332       0,0000    0,0000    0,0000      0,0000    0,0000    0,0000   0,0000    0,0000    0,0000
    0,0000     0,0000      0,0000     0,0000        0,0000      0,0000     0,0000       0,0000    0,0000    0,0000      0,0000    7,5000    0,0000   7,5000    0,0000    9,0000
    6,0000     3,0000      0,0000     0,0000        0,0000      0.0000     0.0000       0,0000    0,0000    0,0000    157,8332




                                                                                                                                                              www.educa.jccm.es
                                                                                                                                                                    Página 2 de 2

                                       Relación de Participantes en el Concurso de Traslados de Personal Docente de Maestros de Taller de Artes
                                                                             Plásticas y Diseño 2015-2016




Cuerpo:    0596 MAESTROS DE TALLER DE ARTES PLASTICAS DISEÑO
Especialidad: 608 FOTOGRAFIA Y PROCESOS DE REPRODUCCION

Apellidos, Nombre                                D.N.I.          Oposición                  Resulta       Apartados          Modalidades
        1.-      1.1.-         1.2.-    1.1.1.        1.1.2.      1.1.3.           1.2.1.       1.2.2.    1.2.3.       2.-        3.-      3.1.     3.2.     3.3.     3.1.1.    3.1.2.
     3.1.3.     3.1.4.        3.2.1.    3.2.2.        3.2.3.     3.3.A.        3.3.B.          3.3.C.    3.3.D.    3.3.E.      3.3.F.       4.-     4.1.     4.2.       4.3.        5.-
       5.1.       5.2.          5.3.       6.-            6.1.      6.2.             6.3.         6.4.      6.5.      6.6.   TOTAL
BADILLO MARTINEZ, ANTONIA                        71215575P       2008      5.2928                          3, 4              JG, AC
   24,9996    12,4998       12,4998    0,0000       12,4998      0,0000      12,4998           0,0000    0,0000    0,0000     1,0000    0,0000    0,0000   1,0000    0,0000    0,0000
    0,0000     0,0000        0,0000    0,0000        0,0000      0,0000       0,0000           0,0000    1,0000    0,0000     0,0000    5,0000    0,0000   0,0000    5,0000    6,0000
    6,0000     0,0000        0,0000    1,1000        0,0000      0,5000       0,5000           0,0000    0,0000    0,1000    38,0996
MORENO DEL PINO, JAVIER                          04153226R       2008      5.5388                          3, 4              JG, AC
   24,9996    12,4998       12,4998    0,0000       12,4998      0,0000      12,4998           0,0000    0,0000    0,0000     0,0000    0,0000    0,0000   0,0000    0,0000    0,0000
    0,0000     0,0000        0,0000    0,0000        0,0000      0,0000       0,0000           0,0000    0,0000    0,0000     0,0000    5,0000    0,0000   0,0000    5,0000    9,0000
    6,0000     3,0000        0,0000    0,7000        0,1000      0.0000       0,6000           0,0000    0,0000    0,0000    39,6996
SANCHEZ TEJEDA, RODRIGO                          03901846B       2008      5.151                           3, 4              JG, AC
   24,9996    12,4998       12,4998    0,0000       12,4998      0,0000      12,4998           0,0000    0,0000    0,0000     0,0000    0,0000    0,0000   0,0000    0,0000    0,0000
    0,0000     0,0000        0,0000    0,0000        0,0000      0,0000       0,0000           0,0000    0,0000    0,0000     0,0000    3,5415    0,0000   3,5415    0,0000    8,6000
    6,0000     2,6000        0,0000    0,0000        0,0000      0.0000       0.0000           0,0000    0,0000    0,0000    37,1411
VALERO JIMENEZ, JOSE CARLOS                      04195638R       2008      4.2313                          3, 4              JG, AC
   24,9996    12,4998       12,4998    0,0000       12,4998      0,0000      12,4998           0,0000    0,0000    0,0000     0,0000    0,0000    0,0000   0,0000    0,0000    0,0000
    0,0000     0,0000        0,0000    0,0000        0,0000      0,0000       0,0000           0,0000    0,0000    0,0000     0,0000    5,0000    0,0000   0,0000    5,0000    9,0000
    6,0000     3,0000        0,0000    0,1000        0,0000      0.0000       0,1000           0,0000    0,0000    0,0000    39,0996
VELASCO SUAREZ, PEDRO                            45432358K       2008      5.945                           3, 4              JG, AC
   24,9996    12,4998       12,4998    0,0000       12,4998      0,0000      12,4998           0,0000    0,0000    0,0000     3,0000    0,0000    0,0000   3,0000    0,0000    0,0000
    0,0000     0,0000        0,0000    0,0000        0,0000      0,0000       0,0000           2,0000    1,0000    0,0000     0,0000    5,0000    0,0000   0,0000    5,0000    7,7000
    6,0000     1,7000        0,0000    1,6000        1,1000      0.0000       0,5000           0,0000    0,0000    0,0000    42,2996
VELDUQUE BALLARIN, MARIA JESUS                   18029748W       2008      6.8564                          3                 AG
   27,9998    15,5000       12,4998    9,5000        6,0000      0,0000      12,4998           0,0000    0,0000    0,0000     0,0000    0,0000    0,0000   0,0000    0,0000    0,0000
    0,0000     0,0000        0,0000    0,0000        0,0000      0,0000       0,0000           0,0000    0,0000    0,0000     0,0000    5,0000    0,0000   0,0000    5,0000    9,0000
    6,0000     3,0000        0,0000    2,7000        2,2000      0,5000       0.0000           0,0000    0,0000    0,0000    44,6998




                                                                                                                                                                    www.educa.jccm.es
