                                                                                                                                                                            Página 1 de 7
                                           Relación de Participantes en el Concurso de Traslados de Personal Docente de Profesores de Escuelas
                                                                              Oficiales de Idiomas 2014-2015
                                                                                   Correciones al baremo




Cuerpo:    0592 PROFESORES DE ESCUELAS OFICIALES DE IDIOMAS
Especialidad: 001 ALEMAN

Apellidos, Nombre                                   D.N.I.          Oposición                 Resulta            Apartados           Modalidades
         1.-         1.1.-      1.2.-      1.1.1.        1.1.2.      1.1.3.        1.2.1.         1.2.2.         1.2.3.       2.-         3.-      3.1.     3.2.     3.3.     3.1.1.    3.1.2.
      3.1.3.        3.1.4.     3.2.1.      3.2.2.        3.2.3.     3.3.A.        3.3.B.          3.3.C.        3.3.D.    3.3.E.       3.3.F.       4.-     4.1.     4.2.       4.3.        5.-
        5.1.          5.2.       5.3.         6.-            6.1.      6.2.            6.3.         6.4.           6.5.      6.6.    TOTAL
GARCIA GARCIA, MARIA ELENA                          53573238M       2008      7.0206          45005537 001 01     3                  AG
    31,3332     21,0000      10,3332     21,0000        0,0000      0,0000      10,3332          0,0000         0,0000    0,0000      3,0000    2,0000    0,0000   1,0000    0,0000    0,0000
     2,0000      0,0000       0,0000      0,0000        0,0000      0,0000       0,0000          0,0000         1,0000    0,0000      0,0000    5,0000    0,0000   0,0000    5,0000    9,0000
     6,0000      3,0000       0,0000      0,0500        0,0500      0.0000       0.0000          0,0000         0,0000    0,0000     48,3832
MATEOS POLO, DELFINA                                07841191P       1993                      45005483 001 01     3                  AG
  146,9992     106,8326      40,1666    105,0000        1,8326      0,0000      40,1666          0,0000         0,0000    0,0000      3,0000    0,0000    0,0000   3,0000    0,0000    0,0000
    0,0000       0,0000       0,0000      0,0000        0,0000      0,0000       0,0000          2,0000         1,0000    0,0000      0,0000    5,0000    0,0000   0,0000    5,0000    8,1000
    5,5000       2,6000       0,0000      0,4500        0,0500      0,2500       0,0500          0,0000         0,0000    0,1000    163,5492
MELCHOR ORTIZ, CONCEPCION                           04176611H       2008      8.6941          13004596 001 01     3, 4               AG, AC
    31,3332     21,0000      10,3332     21,0000        0,0000      0,0000      10,3332          0,0000         0,0000    0,0000      2,0000    0,0000    0,0000   2,0000    0,0000    0,0000
     0,0000      0,0000       0,0000      0,0000        0,0000      0,0000       0,0000          2,0000         0,0000    0,0000      0,0000    4,0833    0,0000   0,0000    4,0833    9,0000
     6,0000      3,0000       0,0000      0,0000        0,0000      0.0000       0.0000          0,0000         0,0000    0,0000     46,4165
PFEIFFER ., ANTJE                                   X1517425T       2008      6.2975          02004471 001 01     3, 4               AG, AC
    27,3332     17,0000      10,3332     15,0000        2,0000      0,0000      10,3332          0,0000         0,0000    0,0000      4,0000    0,0000    0,0000   4,0000    0,0000    0,0000
     0,0000      0,0000       0,0000      0,0000        0,0000      0,0000       0,0000          4,0000         0,0000    0,0000      0,0000    4,1666    0,0000   0,0000    4,1666    9,0000
     6,0000      3,0000       0,0000      0,0000        0,0000      0.0000       0.0000          0,0000         0,0000    0,0000     44,4998
SANCHEZ CALAMARDO, M MILAGROS                       52132448G       2008      7.1787          45005483 001 01     3                  AG
    31,3332     21,0000      10,3332     21,0000        0,0000      0,0000      10,3332          0,0000         0,0000    0,0000      4,0000    3,0000    0,0000   1,0000    0,0000    3,0000
     0,0000      0,0000       0,0000      0,0000        0,0000      0,0000       0,0000          0,0000         1,0000    0,0000      0,0000    2,1666    0,0000   0,0000    2,1666    6,0000
     6,0000      0,0000       0,0000      0,0000        0,0000      0.0000       0.0000          0,0000         0,0000    0,0000     43,4998




                                                                                                                                                                            www.educa.jccm.es
                                                                                                                                                                            Página 2 de 7
                                        Relación de Participantes en el Concurso de Traslados de Personal Docente de Profesores de Escuelas
                                                                           Oficiales de Idiomas 2014-2015
                                                                                Correciones al baremo




Cuerpo:    0592 PROFESORES DE ESCUELAS OFICIALES DE IDIOMAS
Especialidad: 008 FRANCES

Apellidos, Nombre                                D.N.I.          Oposición                  Resulta            Apartados           Modalidades
         1.-      1.1.-       1.2.-     1.1.1.        1.1.2.      1.1.3.           1.2.1.       1.2.2.         1.2.3.       2.-         3.-      3.1.      3.2.      3.3.     3.1.1.    3.1.2.
      3.1.3.     3.1.4.      3.2.1.     3.2.2.        3.2.3.     3.3.A.        3.3.B.           3.3.C.        3.3.D.    3.3.E.       3.3.F.       4.-      4.1.      4.2.       4.3.        5.-
        5.1.       5.2.        5.3.        6.-            6.1.      6.2.             6.3.         6.4.           6.5.      6.6.    TOTAL
CALLEJA QUILEZ, PILAR                            07546054F       1991      9.7158           13004705 008 01     3, 4               AG, AC
   77,1666     33,0000    44,1666     33,0000        0,0000      0,0000      44,1666           0,0000         0,0000    0,0000      2,0000     0,0000    0,0000    2,0000    0,0000    0,0000
    0,0000      0,0000     0,0000      0,0000        0,0000      0,0000       0,0000           0,0000         2,0000    0,0000      0,0000    20,0000   18,3331   10,0000    5,0000    7,6000
    6,0000      1,6000     0,0000      0,2500        0,0000      0.0000       0.0000           0,0000         0,2500    0,0000    107,0166
CALVO LUISIER, MYRIAM                            04575359S       2008      8.3688           19003191 008 01     3, 4               AG, AC
   31,3332     21,0000    10,3332     21,0000        0,0000      0,0000      10,3332           0,0000         0,0000    0,0000      7,0000     5,0000    0,0000    2,0000    0,0000    3,0000
    2,0000      0,0000     0,0000      0,0000        0,0000      0,0000       0,0000           2,0000         0,0000    0,0000      0,0000     8,6666    0,0000    7,5000    1,1666    6,0000
    6,0000      0,0000     0,0000      0,0000        0,0000      0.0000       0.0000           0,0000         0,0000    0,0000     52,9998
CASERO MARTIN, LUIS FELIPE                       06270112J       2008      7.4746                               3                  JG
   20,6664     10,3332    10,3332      0,0000       10,3332      0,0000      10,3332           0,0000         0,0000    0,0000      3,0000     0,0000    0,0000    3,0000    0,0000    0,0000
    0,0000      0,0000     0,0000      0,0000        0,0000      0,0000       3,0000           0,0000         0,0000    0,0000      0,0000     5,0000    0,0000    0,0000    5,0000    8,1000
    6,0000      2,1000     0,0000      0,0000        0,0000      0.0000       0.0000           0,0000         0,0000    0,0000     36,7664
CASTELLANOS SEGURA, JOSE LUIS                    05912630C       2008      16.95            13004845 008 01     3, 4               AG, AC
   46,3332     21,0000    25,3332     21,0000        0,0000      0,0000      10,3332          15,0000         0,0000    0,0000      6,0000     0,0000    3,0000    3,0000    0,0000    0,0000
    0,0000      0,0000     0,0000      0,0000        3,0000      0,0000       0,0000           2,0000         1,0000    0,0000      0,0000     5,0000    0,0000    0,0000    5,0000    6,0000
    6,0000      0,0000     0,0000      0,0000        0,0000      0.0000       0.0000           0,0000         0,0000    0,0000     63,3332
GARCIA CABALLERO, ESMERALDA                      05645375W       2008      7.3816                               3                  JG
   20,6664     10,3332    10,3332      0,0000       10,3332      0,0000      10,3332           0,0000         0,0000    0,0000      3,0000     0,0000    0,0000    3,0000    0,0000    0,0000
    0,0000      0,0000     0,0000      0,0000        0,0000      0,0000       0,0000           2,0000         1,0000    0,0000      0,0000     2,1666    0,0000    0,0000    2,1666    7,6000
    6,0000      1,6000     0,0000      0,0000        0,0000      0.0000       0.0000           0,0000         0,0000    0,0000     33,4330
JERONIMO FERNANDEZ, JOSE ANTONIO                 74719753K       2008      7.7909                               3                  JG
   20,6664     10,3332    10,3332      0,0000       10,3332      0,0000      10,3332           0,0000         0,0000    0,0000      2,0000     0,0000    0,0000    2,0000    0,0000    0,0000
    0,0000      0,0000     0,0000      0,0000        0,0000      0,0000       0,0000           2,0000         0,0000    0,0000      0,0000     5,0000    0,0000    0,0000    5,0000    8,0000
    6,0000      2,0000     0,0000      0,0000        0,0000      0.0000       0.0000           0,0000         0,0000    0,0000     35,6664




                                                                                                                                                                            www.educa.jccm.es
                                                                                                                                                                           Página 3 de 7
                                        Relación de Participantes en el Concurso de Traslados de Personal Docente de Profesores de Escuelas
                                                                           Oficiales de Idiomas 2014-2015
                                                                                Correciones al baremo




Cuerpo:    0592 PROFESORES DE ESCUELAS OFICIALES DE IDIOMAS
Especialidad: 008 FRANCES

Apellidos, Nombre                                D.N.I.          Oposición                  Resulta            Apartados           Modalidades
        1.-      1.1.-        1.2.-     1.1.1.        1.1.2.      1.1.3.           1.2.1.       1.2.2.         1.2.3.       2.-         3.-      3.1.     3.2.      3.3.     3.1.1.    3.1.2.
     3.1.3.     3.1.4.       3.2.1.     3.2.2.        3.2.3.     3.3.A.        3.3.B.           3.3.C.        3.3.D.    3.3.E.       3.3.F.       4.-     4.1.      4.2.       4.3.        5.-
       5.1.       5.2.         5.3.        6.-            6.1.      6.2.             6.3.         6.4.           6.5.      6.6.    TOTAL
LLORENS MARTIN, FRANCISCO JAVIER                 05658728S       2001      10.39            13004596 008 01     3                  AG
   91,8332    63,0000      28,8332    63,0000        0,0000      0,0000      24,3332           4,5000         0,0000    0,0000      2,0000     0,0000   0,0000    2,0000    0,0000    0,0000
    0,0000     0,0000       0,0000     0,0000        0,0000      0,0000       0,0000           2,0000         0,0000    0,0000      0,0000    20,0000   8,3333   12,5000    5,0000    7,6000
    6,0000     1,6000       0,0000     0,2000        0,0000      0.0000       0.0000           0,0000         0,0000    0,2000    121,6332
LOPEZ MARTINEZ, ESMERALDA                        03112097J       2008      7.1169                               3                  JG
   20,6664    10,3332      10,3332     0,0000       10,3332      0,0000      10,3332           0,0000         0,0000    0,0000      3,0000     0,0000   0,0000    3,0000    0,0000    0,0000
    0,0000     0,0000       0,0000     0,0000        0,0000      0,0000       0,0000           2,0000         1,0000    0,0000      0,0000    11,6662   0,0000   10,8332    0,8330    6,0000
    6,0000     0,0000       0,0000     0,0000        0,0000      0.0000       0.0000           0,0000         0,0000    0,0000     41,3326
MARTIN MONTERO, M CONCEPCION                     50148660N       2008      7.0534                               3                  JG
   20,6664    10,3332      10,3332     0,0000       10,3332      0,0000      10,3332           0,0000         0,0000    0,0000      9,0000     0,0000   0,0000    9,0000    0,0000    0,0000
    0,0000     0,0000       0,0000     0,0000        0,0000      0,0000       3,0000           6,0000         0,0000    0,0000      0,0000     5,0000   0,0000    0,0000    5,0000    9,0000
    6,0000     3,0000       0,0000     0,0000        0,0000      0.0000       0.0000           0,0000         0,0000    0,0000     43,6664
PRIETO SEISDEDOS, ADELA                          11972434Z       2001      4.2367           13004134 008 01     3, 4               AG, AC
   83,3332    59,0000      24,3332    57,0000        2,0000      0,0000      24,3332           0,0000         0,0000    0,0000      2,0000     0,0000   0,0000    2,0000    0,0000    0,0000
    0,0000     0,0000       0,0000     0,0000        0,0000      0,0000       0,0000           2,0000         0,0000    0,0000      0,0000     5,0000   0,0000    0,0000    5,0000    9,0000
    6,0000     3,0000       0,0000     0,0000        0,0000      0.0000       0.0000           0,0000         0,0000    0,0000     99,3332
TRINIDAD MORA, MARIA PAZ                         05904574Z       2008      8.1244           19003191 008 01     3, 4               AG, AC
   32,8332    22,5000      10,3332    22,5000        0,0000      0,0000      10,3332           0,0000         0,0000    0,0000      4,0000     0,0000   0,0000    4,0000    0,0000    0,0000
    0,0000     0,0000       0,0000     0,0000        0,0000      0,0000       0,0000           4,0000         0,0000    0,0000      0,0000     4,1666   0,0000    0,0000    4,1666    5,7000
    4,7000     1,0000       0,0000     0,0000        0,0000      0.0000       0.0000           0,0000         0,0000    0,0000     46,6998




                                                                                                                                                                           www.educa.jccm.es
                                                                                                                                                                              Página 4 de 7
                                         Relación de Participantes en el Concurso de Traslados de Personal Docente de Profesores de Escuelas
                                                                            Oficiales de Idiomas 2014-2015
                                                                                 Correciones al baremo




Cuerpo:    0592 PROFESORES DE ESCUELAS OFICIALES DE IDIOMAS
Especialidad: 011 INGLES

Apellidos, Nombre                                 D.N.I.          Oposición                 Resulta            Apartados           Modalidades
         1.-      1.1.-        1.2.-     1.1.1.        1.1.2.      1.1.3.         1.2.1.        1.2.2.         1.2.3.       2.-            3.-      3.1.     3.2.      3.3.     3.1.1.    3.1.2.
      3.1.3.     3.1.4.     3.2.1.       3.2.2.        3.2.3.     3.3.A.          3.3.B.        3.3.C.        3.3.D.    3.3.E.       3.3.F.          4.-     4.1.      4.2.       4.3.        5.-
        5.1.       5.2.        5.3.         6.-            6.1.      6.2.            6.3.         6.4.           6.5.      6.6.    TOTAL
CAMACHO ALARCON, MARIA PRADO                      05682364F       2008      6.4473          13004596 011 01     3                  AG
   23,3332     13,0000    10,3332       9,0000        4,0000      0,0000      10,3332          0,0000         0,0000    0,0000     10,0000        0,0000   6,0000    6,0000    0,0000    0,0000
    0,0000      0,0000     0,0000       6,0000        0,0000      0,0000       6,0000          0,0000         0,0000    0,0000      0,0000        2,1666   0,0000    0,0000    2,1666    7,8000
    6,0000      1,8000     0,0000       0,2500        0,0000      0,2500       0.0000          0,0000         0,0000    0,0000     43,5498
CUEVAS CARRASCO, AURELIO                          74507199X       2008      8.1609          02004471 011 01     3                  AG
   31,3332     21,0000    10,3332      21,0000        0,0000      0,0000      10,3332          0,0000         0,0000    0,0000      3,0000        0,0000   0,0000    3,0000    0,0000    0,0000
    0,0000      0,0000     0,0000       0,0000        0,0000      0,0000       0,0000          2,0000         1,0000    0,0000      0,0000       12,9166   0,0000   12,9166    0,0000    9,0000
    6,0000      3,0000     0,0000       0,0000        0,0000      0.0000       0.0000          0,0000         0,0000    0,0000     56,2498
ELIAS GARCIA, MARIA AGATA DE                      21461785W       1993      0.0             13004596 011 01     3, 4               AG, AC
   24,1658      2,3332    21,8326       2,3332        0,0000      0,0000      21,8326          0,0000         0,0000    0,0000      0,0000        0,0000   0,0000    0,0000    0,0000    0,0000
    0,0000      0,0000     0,0000       0,0000        0,0000      0,0000       0,0000          0,0000         0,0000    0,0000      0,0000        2,8749   0,0000    2,7083    0,1666    3,7000
    2,8000      0,9000     0,0000       0,0000        0,0000      0.0000       0.0000          0,0000         0,0000    0,0000     30,7407
GOMEZ JIMENO, CLARA                               51365216Y       1993                                          2, 3               E, IG
   55,1666     15,0000    40,1666      15,0000        0,0000      0,0000      40,1666          0,0000         0,0000    0,0000      7,0000        5,0000   0,0000    2,0000    5,0000    0,0000
    0,0000      0,0000     0,0000       0,0000        0,0000      0,0000       0,0000          2,0000         0,0000    0,0000      0,0000        4,2496   0,0000    0,4166    3,8330    9,0000
    6,0000      3,0000     0,0000       0,7000        0,2000      0,5000       0.0000          0,0000         0,0000    0,0000     76,1162
GONZALEZ LARA, ENCARNACION                        47060021C       2008      6.2509          45005483 011 01     3                  AG
   27,3332     17,0000    10,3332      15,0000        2,0000      0,0000      10,3332          0,0000         0,0000    0,0000      5,0000        2,0000   0,0000    3,0000    0,0000    0,0000
    2,0000      0,0000     0,0000       0,0000        0,0000      0,0000       0,0000          2,0000         1,0000    0,0000      0,0000        2,5000   0,0000    2,5000    0,0000    9,0000
    6,0000      3,0000     0,0000       0,9500        0,2000      0,7500       0.0000          0,0000         0,0000    0,0000     44,7832
GONZALEZ RODRIGUEZ, MARIA CONCEPCION              06561569Z       1998                      02004094 011 01     3                  AG
  111,3332     81,0000    30,3332      81,0000        0,0000      0,0000      30,3332          0,0000         0,0000    0,0000      2,0000        0,0000   0,0000    2,0000    0,0000    0,0000
    0,0000      0,0000     0,0000       0,0000        0,0000      0,0000       0,0000          2,0000         0,0000    0,0000      0,0000       14,5830   0,0000   14,5830    0,0000    7,6000
    6,0000      1,6000     0,0000       0,0000        0,0000      0.0000       0.0000          0,0000         0,0000    0,0000    135,5162




                                                                                                                                                                              www.educa.jccm.es
                                                                                                                                                                          Página 5 de 7
                                        Relación de Participantes en el Concurso de Traslados de Personal Docente de Profesores de Escuelas
                                                                           Oficiales de Idiomas 2014-2015
                                                                                Correciones al baremo




Cuerpo:    0592 PROFESORES DE ESCUELAS OFICIALES DE IDIOMAS
Especialidad: 011 INGLES

Apellidos, Nombre                                D.N.I.          Oposición                 Resulta            Apartados           Modalidades
        1.-      1.1.-        1.2.-     1.1.1.        1.1.2.      1.1.3.        1.2.1.         1.2.2.         1.2.3.       2.-         3.-      3.1.     3.2.      3.3.     3.1.1.    3.1.2.
     3.1.3.     3.1.4.       3.2.1.     3.2.2.        3.2.3.     3.3.A.        3.3.B.          3.3.C.        3.3.D.    3.3.E.       3.3.F.       4.-     4.1.      4.2.       4.3.        5.-
       5.1.       5.2.         5.3.        6.-            6.1.      6.2.            6.3.         6.4.           6.5.      6.6.    TOTAL
JALDO VALLEJO, MANUEL                            24219730V       2008      8.6534          02004355 011 01     3                  AG
   31,3332    21,0000      10,3332    21,0000        0,0000      0,0000      10,3332          0,0000         0,0000    0,0000      2,0000     0,0000   0,0000    2,0000    0,0000    0,0000
    0,0000     0,0000       0,0000     0,0000        0,0000      0,0000       0,0000          2,0000         0,0000    0,0000      0,0000     5,4162   0,0000    2,0830    3,3332    6,0000
    6,0000     0,0000       0,0000     0,2500        0,0000      0,2500       0.0000          0,0000         0,0000    0,0000     44,9994
JUNCO EZQUERRA, ANTONIO JESUS                    42811971R       2008      7.5635          13004596 011 01     3                  AG
   31,3332    21,0000      10,3332    21,0000        0,0000      0,0000      10,3332          0,0000         0,0000    0,0000      4,0000     2,0000   0,0000    2,0000    0,0000    0,0000
    2,0000     0,0000       0,0000     0,0000        0,0000      0,0000       0,0000          2,0000         0,0000    0,0000      0,0000     7,7083   0,0000    7,7083    0,0000    6,0000
    6,0000     0,0000       0,0000     2,0000        0,0000      0.0000       2,0000          0,0000         0,0000    0,0000     51,0415
LUENGO ALONSO, ALFONSO                           50831043P       1993                      45005483 011 01     3                  AG
  121,1666    81,0000      40,1666    81,0000        0,0000      0,0000      40,1666          0,0000         0,0000    0,0000      6,0000     0,0000   0,0000    6,0000    0,0000    0,0000
    0,0000     0,0000       0,0000     0,0000        0,0000      0,0000       0,0000          4,0000         2,0000    0,0000      0,0000    20,0000   0,0000   20,0000    0,0000    9,0000
    6,0000     3,0000       0,0000     0,0000        0,0000      0.0000       0.0000          0,0000         0,0000    0,0000    156,1666
MARTINEZ GARCIA, HILARIO                         05199367X       2008      8.3958          02004343 011 01     3, 4               AG, AC
   31,3332    21,0000      10,3332    21,0000        0,0000      0,0000      10,3332          0,0000         0,0000    0,0000      7,0000     0,0000   0,0000    7,0000    0,0000    0,0000
    0,0000     0,0000       0,0000     0,0000        0,0000      0,0000       3,0000          2,0000         2,0000    0,0000      0,0000     5,0000   0,0000    0,0000    5,0000    9,0000
    6,0000     3,0000       0,0000     0,5000        0,0000      0,5000       0.0000          0,0000         0,0000    0,0000     52,8332
MELLON AGREDA, ANNE                              X0606049E       2008      7.9345          02004343 011 01     3, 4               AG, AC
   31,3332    21,0000      10,3332    21,0000        0,0000      0,0000      10,3332          0,0000         0,0000    0,0000      3,0000     0,0000   0,0000    3,0000    0,0000    0,0000
    0,0000     0,0000       0,0000     0,0000        0,0000      0,0000       3,0000          0,0000         0,0000    0,0000      0,0000     3,9166   0,0000    2,9166    1,0000    7,1000
    6,0000     1,1000       0,0000     0,1000        0,0000      0.0000       0.0000          0,0000         0,0000    0,1000     45,4498
MUÑOZ LOBO, MIGUEL ANGEL                         50322087L       2008      7.9886          19003191 011 01     3                  AG
   32,8332    22,5000      10,3332    22,5000        0,0000      0,0000      10,3332          0,0000         0,0000    0,0000      9,0000     5,0000   0,0000    4,0000    0,0000    3,0000
    2,0000     0,0000       0,0000     0,0000        0,0000      0,0000       0,0000          4,0000         0,0000    0,0000      0,0000     6,4162   0,0000    2,0830    4,3332    7,2000
    6,0000     1,2000       0,0000     2,0000        2,0000      0.0000       0.0000          0,0000         0,0000    0,0000     57,4494




                                                                                                                                                                          www.educa.jccm.es
                                                                                                                                                                            Página 6 de 7
                                          Relación de Participantes en el Concurso de Traslados de Personal Docente de Profesores de Escuelas
                                                                             Oficiales de Idiomas 2014-2015
                                                                                  Correciones al baremo




Cuerpo:    0592 PROFESORES DE ESCUELAS OFICIALES DE IDIOMAS
Especialidad: 011 INGLES

Apellidos, Nombre                                  D.N.I.          Oposición                 Resulta            Apartados           Modalidades
        1.-       1.1.-        1.2.-      1.1.1.        1.1.2.      1.1.3.        1.2.1.         1.2.2.         1.2.3.       2.-         3.-      3.1.     3.2.      3.3.     3.1.1.    3.1.2.
     3.1.3.      3.1.4.       3.2.1.      3.2.2.        3.2.3.     3.3.A.        3.3.B.          3.3.C.        3.3.D.    3.3.E.       3.3.F.       4.-     4.1.      4.2.       4.3.        5.-
       5.1.        5.2.         5.3.         6.-            6.1.      6.2.            6.3.         6.4.           6.5.      6.6.    TOTAL
NAVARRO MOLINA, PABLO E.                           07548049R       2008      8.1872          02004343 011 01     3, 4               AG, AC
   31,3332     21,0000     10,3332      21,0000        0,0000      0,0000      10,3332          0,0000         0,0000    0,0000      6,0000     2,0000   0,0000    4,0000    0,0000    0,0000
    2,0000      0,0000      0,0000       0,0000        0,0000      0,0000       3,0000          0,0000         1,0000    0,0000      0,0000     4,1666   0,0000    0,0000    4,1666    9,0000
    6,0000      3,0000      0,0000       0,7500        0,0000      0,7500       0.0000          0,0000         0,0000    0,0000     51,2498
PARDO MERINO, MARIA JOSE                           05649317B       2008      7.0816                              4                  AC
   10,6664      0,3332     10,3332       0,3332        0,0000      0,0000      10,3332          0,0000         0,0000    0,0000      2,0000     0,0000   0,0000    2,0000    0,0000    0,0000
    0,0000      0,0000      0,0000       0,0000        0,0000      0,0000       0,0000          2,0000         0,0000    0,0000      0,0000     2,7497   0,0000    0,0000    2,7497    5,2000
    5,2000      0,0000      0,0000       0,0000        0,0000      0.0000       0.0000          0,0000         0,0000    0,0000     20,6161
PASCUAL PARRA, ALFONSA                             05644790S       2008      8.3117          13004596 011 01     3, 4               AG, AC
   31,3332     21,0000     10,3332      21,0000        0,0000      0,0000      10,3332          0,0000         0,0000    0,0000      2,0000     0,0000   0,0000    2,0000    0,0000    0,0000
    0,0000      0,0000      0,0000       0,0000        0,0000      0,0000       0,0000          0,0000         2,0000    0,0000      0,0000     2,0833   0,0000    0,0000    2,0833    8,5000
    6,0000      2,5000      0,0000       0,2500        0,0000      0,2500       0.0000          0,0000         0,0000    0,0000     44,1665
PRIETO DELGADO, ADOLFO                             09296100Y       1992                      02004094 011 01     3                  AG
  158,6666    116,5000     42,1666     116,5000        0,0000      0,0000      42,1666          0,0000         0,0000    0,0000      2,0000     0,0000   0,0000    2,0000    0,0000    0,0000
    0,0000      0,0000      0,0000       0,0000        0,0000      0,0000       0,0000          2,0000         0,0000    0,0000      0,0000    20,0000   0,0000   20,0000    0,0000    7,7000
    6,0000      1,7000      0,0000       0,0000        0,0000      0.0000       0.0000          0,0000         0,0000    0,0000    188,3666
ROCHA CAÑIZARES, ANTONIO F.                        52679376S       2008      6.7877          45005537 011 01     3                  AG
   23,3332     13,0000     10,3332       9,0000        4,0000      0,0000      10,3332          0,0000         0,0000    0,0000      7,0000     0,0000   0,0000    7,0000    0,0000    0,0000
    0,0000      0,0000      0,0000       0,0000        0,0000      0,0000       3,0000          4,0000         0,0000    0,0000      0,0000     2,9163   0,0000    0,0000    2,9163    9,0000
    6,0000      3,0000      0,0000       0,0000        0,0000      0.0000       0.0000          0,0000         0,0000    0,0000     42,2495




                                                                                                                                                                            www.educa.jccm.es
                                                                                                                                                                      Página 7 de 7
                                      Relación de Participantes en el Concurso de Traslados de Personal Docente de Profesores de Escuelas
                                                                         Oficiales de Idiomas 2014-2015
                                                                              Correciones al baremo




Cuerpo:    0592 PROFESORES DE ESCUELAS OFICIALES DE IDIOMAS
Especialidad: 012 ITALIANO

Apellidos, Nombre                              D.N.I.          Oposición                 Resulta            Apartados          Modalidades
        1.-      1.1.-       1.2.-    1.1.1.        1.1.2.      1.1.3.        1.2.1.         1.2.2.         1.2.3.       2.-        3.-      3.1.     3.2.     3.3.     3.1.1.    3.1.2.
     3.1.3.     3.1.4.      3.2.1.    3.2.2.        3.2.3.     3.3.A.        3.3.B.          3.3.C.        3.3.D.    3.3.E.      3.3.F.       4.-     4.1.     4.2.       4.3.        5.-
       5.1.       5.2.        5.3.       6.-            6.1.      6.2.            6.3.         6.4.           6.5.      6.6.   TOTAL
MORATO LARA, MARIA ISABEL                      51363772B       2008      8.9387          13004596 012 01     3, 4              AG, AC
   19,3332     9,0000    10,3332     9,0000        0,0000      0,0000      10,3332          0,0000         0,0000    0,0000     2,0000    0,0000    0,0000   2,0000    0,0000    0,0000
    0,0000     0,0000     0,0000     0,0000        0,0000      0,0000       0,0000          2,0000         0,0000    0,0000     0,0000    5,0000    0,0000   0,0000    5,0000    6,0000
    6,0000     0,0000     0,0000     0,5000        0,0000      0,5000       0.0000          0,0000         0,0000    0,0000    32,8332




                                                                                                                                                                      www.educa.jccm.es
