                                                                                                                                                                          Página 1 de 1
                                       Relación de participantes en el concurso de traslados del Cuerpo deMaestros de Taller de Artes Plásticas y
                                            Diseño 2019-2020, por todas las modalidades y apartados de participación Baremo provisional.




Cuerpo:    0596 MAESTROS DE TALLER DE ARTES PLASTICAS DISEÑO
Especialidad: 608 FOTOGRAFIA Y PROCESOS DE REPRODUCCION

Apellidos, Nombre                                 D.N.I.          Oposición                  Resulta            Apartados          Modalidades
        1.-      1.1.-         1.2.-     1.1.1.         1.1.2.     1.1.3.           1.2.1.       1.2.2.         1.2.3.       2.-        3.-      3.1.     3.2.     3.3.     3.1.1.    3.1.2.
     3.1.3.     3.1.4.        3.2.1.     3.2.2.         3.2.3.    3.3.A.        3.3.B.           3.3.C.        3.3.D.    3.3.E.      3.3.F.       4.-     4.1.     4.2.       4.3.        5.-
       5.1.       5.2.          5.3.        6.-            6.1.      6.2.             6.3.         6.4.           6.5.      6.6.   TOTAL
BADILLO MARTINEZ, ANTONIA                         ***1557**       2008      5.2928                               3, 4              JG, AC
   40,6664    20,3332       20,3332     0,0000       20,3332      0,0000      20,3332           0,0000         0,0000    0,0000     2,0000    0,0000    0,0000   2,0000    0,0000    0,0000
    0,0000     0,0000        0,0000     0,0000        0,0000      0,0000       0,0000           2,0000         0,0000    0,0000     0,0000    5,0000    0,0000   0,0000    5,0000    7,1000
    6,0000     1,1000        0,0000     2,3000        0,5000      1,5000       0,1000           0,0000         0,0000    0,2000    57,0664
MORENO DEL PINO, JAVIER                           ***5322**       2008      5.5388                               3, 4              JG, AC
   40,6664    20,3332       20,3332     0,0000       20,3332      0,0000      20,3332           0,0000         0,0000    0,0000     0,0000    0,0000    0,0000   0,0000    0,0000    0,0000
    0,0000     0,0000        0,0000     0,0000        0,0000      0,0000       0,0000           0,0000         0,0000    0,0000     0,0000    5,0000    0,0000   0,0000    5,0000    9,0000
    6,0000     3,0000        0,0000     0,7000        0,1000      0,0000       0,6000           0,0000         0,0000    0,0000    55,3664
SANCHEZ TEJEDA, RODRIGO                           ***0184**       2008      5.151            45005057 608 01     4                 AC
   40,6664    20,3332       20,3332     0,3332       20,0000      0,0000      20,3332           0,0000         0,0000    0,0000     0,0000    0,0000    0,0000   0,0000    0,0000    0,0000
    0,0000     0,0000        0,0000     0,0000        0,0000      0,0000       0,0000           0,0000         0,0000    0,0000     0,0000    0,0000    0,0000   0,0000    0,0000    7,6000
    6,0000     1,6000        0,0000     0,0000        0,0000      0,0000       0,0000           0,0000         0,0000    0,0000    48,2664
VALERO JIMENEZ, JOSE CARLOS                       ***9563**       2008      4.2313                               3, 4              JG, AC
   40,6664    20,3332       20,3332     0,0000       20,3332      0,0000      20,3332           0,0000         0,0000    0,0000     0,0000    0,0000    0,0000   0,0000    0,0000    0,0000
    0,0000     0,0000        0,0000     0,0000        0,0000      0,0000       0,0000           0,0000         0,0000    0,0000     0,0000    5,0000    0,0000   0,0000    5,0000    9,0000
    6,0000     3,0000        0,0000     0,1000        0,0000      0,0000       0,1000           0,0000         0,0000    0,0000    54,7664
VELASCO SUAREZ, PEDRO                             ***3235**       2008      5.945            02007794 608 01     3, 4              AG, AC
   43,3332    23,0000       20,3332     9,0000       14,0000      0,0000      20,3332           0,0000         0,0000    0,0000     2,0000    0,0000    0,0000   2,0000    0,0000    0,0000
    0,0000     0,0000        0,0000     0,0000        0,0000      0,0000       0,0000           2,0000         0,0000    0,0000     0,0000    5,0000    0,0000   0,0000    5,0000    7,7000
    6,0000     1,7000        0,0000     1,0500        0,1000      0,0000       0,9500           0,0000         0,0000    0,0000    59,0832
VELDUQUE BALLARIN, MARIA JESUS                    ***2974**       2008      6.8564           16008667 608 01     3                 AG
   59,3332    39,0000       20,3332    33,0000        6,0000      0,0000      20,3332           0,0000         0,0000    0,0000     0,0000    0,0000    0,0000   0,0000    0,0000    0,0000
    0,0000     0,0000        0,0000     0,0000        0,0000      0,0000       0,0000           0,0000         0,0000    0,0000     0,0000    8,3332    0,0000   3,3332    5,0000    9,0000
    6,0000     3,0000        0,0000     2,7000        2,2000      0,5000       0,0000           0,0000         0,0000    0,0000    79,3664




                                                                                                                                                                          www.educa.jccm.es
