                                                                                                                                                                         Página 1 de 9

                                           Relación de Participantes en el Concurso de Traslados de Personal Docente de Profesores de Artes
                                                                              Plásticas y Diseño 2018-2019




Cuerpo:    0595 PROFESORES DE ARTES PLASTICAS Y DISEÑO
Especialidad: 507 DIBUJO ARTISTICO Y COLOR

Apellidos, Nombre                                 D.N.I.          Oposición                 Resulta            Apartados          Modalidades
         1.-      1.1.-        1.2.-     1.1.1.         1.1.2.     1.1.3.        1.2.1.         1.2.2.         1.2.3.       2.-        3.-      3.1.     3.2.     3.3.     3.1.1.    3.1.2.
      3.1.3.     3.1.4.      3.2.1.      3.2.2.         3.2.3.    3.3.A.        3.3.B.          3.3.C.        3.3.D.    3.3.E.      3.3.F.       4.-     4.1.     4.2.       4.3.        5.-
        5.1.        5.2.       5.3.         6.-            6.1.      6.2.            6.3.         6.4.           6.5.      6.6.   TOTAL
BARBA RUIZ, MARIA PRADO                           7*6*77***       2008      7.7323          45003930 507 01     3, 4              AG, AC
   22,9998      4,6666     18,3332      4,6666        0,0000      0,0000      18,3332          0,0000         0,0000    0,0000     0,0000    0,0000    0,0000   0,0000    0,0000    0,0000
    0,0000      0,0000      0,0000      0,0000        0,0000      0,0000       0,0000          0,0000         0,0000    0,0000     0,0000    5,0000    0,0000   0,0000    5,0000    8,4000
    6,0000      2,4000      0,0000      0,0000        0,0000      0.0000       0.0000          0,0000         0,0000    0,0000    36,3998
LOPEZ FERRER, ANA                                 *0***596*       2008      7.6248          19008101 507 01     3                 AG
   47,3332     29,0000     18,3332     21,0000        8,0000      0,0000      18,3332          0,0000         0,0000    0,0000     0,0000    0,0000    0,0000   0,0000    0,0000    0,0000
    0,0000      0,0000      0,0000      0,0000        0,0000      0,0000       0,0000          0,0000         0,0000    0,0000     0,0000    5,0000    0,0000   0,0000    5,0000    9,0000
    6,0000      3,0000      0,0000      1,0000        0,0000      0.0000       1,0000          0,0000         0,0000    0,0000    62,3332
SALINERO GARCIA, EMILIO JOSE                      *786***4*       2008      4.2612          19008101 507 01     3, 4              AG, AC
   47,3332     29,0000     18,3332     21,0000        8,0000      0,0000      18,3332          0,0000         0,0000    0,0000     3,0000    0,0000    3,0000   0,0000    0,0000    0,0000
    0,0000      0,0000      0,0000      3,0000        0,0000      0,0000       0,0000          0,0000         0,0000    0,0000     0,0000    1,0000    0,0000   0,0000    1,0000    0,5000
    0,5000      0,0000      0,0000      0,1000        0,0000      0.0000       0.0000          0,0000         0,0000    0,1000    51,9332




                                                                                                                                                                         www.educa.jccm.es
                                                                                                                                                                        Página 2 de 9

                                         Relación de Participantes en el Concurso de Traslados de Personal Docente de Profesores de Artes
                                                                            Plásticas y Diseño 2018-2019




Cuerpo:    0595 PROFESORES DE ARTES PLASTICAS Y DISEÑO
Especialidad: 512 DISEÑO GRAFICO

Apellidos, Nombre                               D.N.I.          Oposición                 Resulta            Apartados           Modalidades
        1.-      1.1.-       1.2.-     1.1.1.         1.1.2.     1.1.3.          1.2.1.       1.2.2.         1.2.3.       2.-         3.-      3.1.     3.2.     3.3.     3.1.1.    3.1.2.
     3.1.3.     3.1.4.      3.2.1.     3.2.2.         3.2.3.    3.3.A.          3.3.B.        3.3.C.        3.3.D.    3.3.E.       3.3.F.       4.-     4.1.     4.2.       4.3.        5.-
       5.1.       5.2.        5.3.        6.-            6.1.      6.2.            6.3.         6.4.           6.5.      6.6.    TOTAL
ESPINOSA QUERENCIA, JOSE LUIS                   *4158****       2006      0.0             19008101 512 01     3                  AG
   95,6664    45,0000     50,6664    45,0000        0,0000      0,0000      50,6664          0,0000         0,0000    0,0000      0,0000    0,0000    0,0000   0,0000    0,0000    0,0000
    0,0000     0,0000      0,0000     0,0000        0,0000      0,0000       0,0000          0,0000         0,0000    0,0000      0,0000    5,0000    0,0000   0,0000    5,0000    5,1000
    5,1000     0,0000      0,0000     1,0000        0,0000      1,0000       0.0000          0,0000         0,0000    0,0000    106,7664
GALLARDO BENITEZ, JORGE                         0***96*7*       2015      5.7921          19008101 512 01     3, 4               AG, AC
    8,6664     4,3332      4,3332     2,3332        2,0000      0,0000          4,3332       0,0000         0,0000    0,0000      0,0000    0,0000    0,0000   0,0000    0,0000    0,0000
    0,0000     0,0000      0,0000     0,0000        0,0000      0,0000          0,0000       0,0000         0,0000    0,0000      0,0000    2,1666    0,0000   0,0000    2,1666    9,0000
    6,0000     3,0000      0,0000     3,7000        0,0000      1,0000          2,2000       0,0000         0,5000    0,0000     23,5330
GALVEZ GARCIA DE LA MORA, FRANCISCO JOSE        056**2***       2015      6.4201          19008101 512 01     3, 4               AG, AC
    8,9998     4,6666      4,3332     4,6666        0,0000      0,0000          4,3332       0,0000         0,0000    0,0000      0,0000    0,0000    0,0000   0,0000    0,0000    0,0000
    0,0000     0,0000      0,0000     0,0000        0,0000      0,0000          0,0000       0,0000         0,0000    0,0000      0,0000    0,0000    0,0000   0,0000    0,0000    6,0000
    6,0000     0,0000      0,0000     0,5000        0,0000      0,5000          0.0000       0,0000         0,0000    0,0000     15,4998
GARCIA PALACIOS, MARIA DEL CARMEN               52*56****       2008      6.6458          45005057 512 01     3, 4               AG, AC
   55,3332    37,0000     18,3332    33,0000        4,0000      0,0000      18,3332          0,0000         0,0000    0,0000      4,0000    3,0000    0,0000   1,0000    0,0000    3,0000
    0,0000     0,0000      0,0000     0,0000        0,0000      0,0000       0,0000          0,0000         1,0000    0,0000      0,0000    5,0000    0,0000   0,0000    5,0000    9,0000
    6,0000     3,0000      0,0000     3,5000        1,0000      0,2500       1,7500          0,0000         0,5000    0,0000     76,8332
SAEZ MEDRANO, FRANCISCO JAVIER                  **7*3*97*       2008      6.2496          13001406 512 01     3                  AG
   55,3332    37,0000     18,3332    33,0000        4,0000      0,0000      18,3332          0,0000         0,0000    0,0000      3,0000    0,0000    3,0000   0,0000    0,0000    0,0000
    0,0000     0,0000      0,0000     0,0000        3,0000      0,0000       0,0000          0,0000         0,0000    0,0000      0,0000    5,0000    0,0000   0,0000    5,0000    6,0000
    6,0000     0,0000      0,0000     5,6250        1,0000      2,5000       2,1250          0,0000         0,0000    0,0000     74,9582




                                                                                                                                                                        www.educa.jccm.es
                                                                                                                                                                          Página 3 de 9

                                           Relación de Participantes en el Concurso de Traslados de Personal Docente de Profesores de Artes
                                                                              Plásticas y Diseño 2018-2019




Cuerpo:    0595 PROFESORES DE ARTES PLASTICAS Y DISEÑO
Especialidad: 515 FOTOGRAFIA

Apellidos, Nombre                                 D.N.I.          Oposición                 Resulta            Apartados          Modalidades
        1.-      1.1.-         1.2.-     1.1.1.         1.1.2.     1.1.3.         1.2.1.        1.2.2.         1.2.3.       2.-        3.-      3.1.     3.2.      3.3.     3.1.1.    3.1.2.
     3.1.3.     3.1.4.        3.2.1.     3.2.2.         3.2.3.    3.3.A.          3.3.B.        3.3.C.        3.3.D.    3.3.E.      3.3.F.       4.-     4.1.      4.2.       4.3.        5.-
       5.1.          5.2.       5.3.        6.-            6.1.      6.2.            6.3.         6.4.           6.5.      6.6.   TOTAL
GOMEZ MOLERO, EDUARDO                             0****896*       2008      7.6             45005057 515 01     3, 4              AG, AC
   55,3332    37,0000       18,3332    33,0000        4,0000      0,0000      18,3332          0,0000         0,0000    0,0000     0,0000     0,0000   0,0000    0,0000    0,0000    0,0000
    0,0000     0,0000        0,0000     0,0000        0,0000      0,0000       0,0000          0,0000         0,0000    0,0000     0,0000    12,3332   0,0000    8,3332    4,0000    9,0000
    6,0000     3,0000        0,0000     0,7500        0,0500      0.0000       0,7000          0,0000         0,0000    0,0000    77,4164
HERNANDEZ DIEGUEZ, MARIA VICTORIA                 3*30*2***       2008      6.8338          19008101 515 01     3                 AG
   68,7707    37,0000       31,7707    33,0000        4,0000      0,0000      18,3332          0,0000     13,4375       0,0000     0,0000     0,0000   0,0000    0,0000    0,0000    0,0000
    0,0000     0,0000        0,0000     0,0000        0,0000      0,0000       0,0000          0,0000      0,0000       0,0000     0,0000    18,3332   0,0000   13,3332    5,0000    6,0000
    6,0000     0,0000        0,0000     0,7500        0,0000      0,7500       0.0000          0,0000      0,0000       0,0000    93,8539
SANCHEZ YELA, LUIS                                03**5*2**       2008      7.1064          16008667 515 01     3, 4              AG, AC
   55,3332    37,0000       18,3332    33,0000        4,0000      0,0000      18,3332          0,0000         0,0000    0,0000     2,0000     2,0000   0,0000    0,0000    0,0000    0,0000
    2,0000     0,0000        0,0000     0,0000        0,0000      0,0000       0,0000          0,0000         0,0000    0,0000     0,0000     5,0000   0,0000    0,0000    5,0000    6,0000
    6,0000     0,0000        0,0000     1,0000        0,0000      1,0000       0.0000          0,0000         0,0000    0,0000    69,3332
SANZ DEL CERRO, PEDRO AGUSTIN                     **79**21*       2010      8.0632          02007794 515 01     3                 AG
   35,3332    21,0000       14,3332    21,0000        0,0000      0,0000      14,3332          0,0000         0,0000    0,0000     0,0000     0,0000   0,0000    0,0000    0,0000    0,0000
    0,0000     0,0000        0,0000     0,0000        0,0000      0,0000       0,0000          0,0000         0,0000    0,0000     0,0000     0,0000   0,0000    0,0000    0,0000    9,0000
    6,0000     3,0000        0,0000     0,2500        0,0000      0,2500       0.0000          0,0000         0,0000    0,0000    44,5832




                                                                                                                                                                          www.educa.jccm.es
                                                                                                                                                                      Página 4 de 9

                                        Relación de Participantes en el Concurso de Traslados de Personal Docente de Profesores de Artes
                                                                           Plásticas y Diseño 2018-2019




Cuerpo:    0595 PROFESORES DE ARTES PLASTICAS Y DISEÑO
Especialidad: 516 HISTORIA DEL ARTE

Apellidos, Nombre                              D.N.I.          Oposición                 Resulta            Apartados          Modalidades
        1.-      1.1.-      1.2.-     1.1.1.         1.1.2.     1.1.3.        1.2.1.         1.2.2.         1.2.3.       2.-        3.-      3.1.     3.2.     3.3.     3.1.1.    3.1.2.
     3.1.3.     3.1.4.     3.2.1.     3.2.2.         3.2.3.    3.3.A.        3.3.B.          3.3.C.        3.3.D.    3.3.E.      3.3.F.       4.-     4.1.     4.2.       4.3.        5.-
       5.1.       5.2.       5.3.        6.-            6.1.      6.2.            6.3.         6.4.           6.5.      6.6.   TOTAL
MARTIN DE BERNARDO BELLON, JOSE MANUEL         7****340*       2008      6.4139          16008667 516 01     3, 4              AG, AC
   51,3332    33,0000    18,3332    27,0000        6,0000      0,0000      18,3332          0,0000         0,0000    0,0000     4,0000     2,0000   0,0000   2,0000    0,0000    0,0000
    2,0000     0,0000     0,0000     0,0000        0,0000      0,0000       0,0000          2,0000         0,0000    0,0000     0,0000    10,4166   0,0000   5,4166    5,0000    7,6000
    6,0000     1,6000     0,0000     1,0000        0,0000      1,0000       0.0000          0,0000         0,0000    0,0000    74,3498




                                                                                                                                                                      www.educa.jccm.es
                                                                                                                                                                      Página 5 de 9

                                        Relación de Participantes en el Concurso de Traslados de Personal Docente de Profesores de Artes
                                                                           Plásticas y Diseño 2018-2019




Cuerpo:    0595 PROFESORES DE ARTES PLASTICAS Y DISEÑO
Especialidad: 520 MATERIALES Y TECNOLOGIA: DISEÑO

Apellidos, Nombre                              D.N.I.          Oposición                 Resulta            Apartados          Modalidades
        1.-      1.1.-      1.2.-     1.1.1.         1.1.2.     1.1.3.        1.2.1.         1.2.2.         1.2.3.       2.-        3.-      3.1.     3.2.     3.3.     3.1.1.    3.1.2.
     3.1.3.     3.1.4.     3.2.1.     3.2.2.         3.2.3.    3.3.A.        3.3.B.          3.3.C.        3.3.D.    3.3.E.      3.3.F.       4.-     4.1.     4.2.       4.3.        5.-
       5.1.       5.2.       5.3.        6.-            6.1.      6.2.            6.3.         6.4.           6.5.      6.6.   TOTAL
SANCHEZ ROMANO, GEMA MARIA                     ****0045*       2008      6.0581          19008101 520 01     4                 AC
   47,3332    29,0000    18,3332    21,0000        8,0000      0,0000      18,3332          0,0000         0,0000    0,0000     0,0000    0,0000    0,0000   0,0000    0,0000    0,0000
    0,0000     0,0000     0,0000     0,0000        0,0000      0,0000       0,0000          0,0000         0,0000    0,0000     0,0000    0,0000    0,0000   0,0000    0,0000    6,0000
    6,0000     0,0000     0,0000     0,0000        0,0000      0.0000       0.0000          0,0000         0,0000    0,0000    53,3332




                                                                                                                                                                      www.educa.jccm.es
                                                                                                                                                                      Página 6 de 9

                                        Relación de Participantes en el Concurso de Traslados de Personal Docente de Profesores de Artes
                                                                           Plásticas y Diseño 2018-2019




Cuerpo:    0595 PROFESORES DE ARTES PLASTICAS Y DISEÑO
Especialidad: 521 MEDIOS AUDIOVISUALES

Apellidos, Nombre                              D.N.I.          Oposición                 Resulta            Apartados          Modalidades
        1.-      1.1.-      1.2.-     1.1.1.         1.1.2.     1.1.3.        1.2.1.         1.2.2.         1.2.3.       2.-        3.-      3.1.     3.2.     3.3.     3.1.1.    3.1.2.
     3.1.3.     3.1.4.     3.2.1.     3.2.2.         3.2.3.    3.3.A.        3.3.B.          3.3.C.        3.3.D.    3.3.E.      3.3.F.       4.-     4.1.     4.2.       4.3.        5.-
       5.1.       5.2.       5.3.        6.-            6.1.      6.2.            6.3.         6.4.           6.5.      6.6.   TOTAL
ARQUERO CALVO, LUIS                            0*883****       2008      4.8753          13001406 521 01     3, 4              AG, AC
   51,3332    33,0000    18,3332    27,0000        6,0000      0,0000      18,3332          0,0000         0,0000    0,0000     0,0000    0,0000    0,0000   0,0000    0,0000    0,0000
    0,0000     0,0000     0,0000     0,0000        0,0000      0,0000       0,0000          0,0000         0,0000    0,0000     0,0000    0,0000    0,0000   0,0000    0,0000    7,6000
    6,0000     1,6000     0,0000     1,5900        0,0000      1,2500       0.0000          0,2400         0,0000    0,1000    60,5232




                                                                                                                                                                      www.educa.jccm.es
                                                                                                                                                                        Página 7 de 9

                                          Relación de Participantes en el Concurso de Traslados de Personal Docente de Profesores de Artes
                                                                             Plásticas y Diseño 2018-2019




Cuerpo:    0595 PROFESORES DE ARTES PLASTICAS Y DISEÑO
Especialidad: 522 MEDIOS INFORMATICOS

Apellidos, Nombre                                D.N.I.          Oposición                 Resulta            Apartados          Modalidades
        1.-      1.1.-        1.2.-     1.1.1.         1.1.2.     1.1.3.        1.2.1.         1.2.2.         1.2.3.       2.-        3.-      3.1.     3.2.     3.3.     3.1.1.    3.1.2.
     3.1.3.     3.1.4.       3.2.1.     3.2.2.         3.2.3.    3.3.A.        3.3.B.          3.3.C.        3.3.D.    3.3.E.      3.3.F.       4.-     4.1.     4.2.       4.3.        5.-
       5.1.       5.2.         5.3.        6.-            6.1.      6.2.            6.3.         6.4.           6.5.      6.6.   TOTAL
ARENAS GALIANA, JESUS MANUEL                     **923*9**       2008      5.3153          13004122 522 01     3, 4              AG, AC
   36,9998    18,6666      18,3332     4,6666       14,0000      0,0000      18,3332          0,0000         0,0000    0,0000     5,0000     0,0000   0,0000   5,0000    0,0000    0,0000
    0,0000     0,0000       0,0000     0,0000        0,0000      0,0000       0,0000          0,0000         1,0000    4,0000     0,0000    13,7498   0,0000   8,7498    5,0000    9,0000
    6,0000     3,0000       0,0000     1,8500        0,0000      0,2500       0,1000          1,5000         0,0000    0,0000    66,5996
GONZALEZ BRAVO, MONICA                           *62*7**5*       2008      5.5735          19008101 522 01     3, 4              AG, AC
   36,6664    18,3332      18,3332     2,3332       16,0000      0,0000      18,3332          0,0000         0,0000    0,0000     0,0000     0,0000   0,0000   0,0000    0,0000    0,0000
    0,0000     0,0000       0,0000     0,0000        0,0000      0,0000       0,0000          0,0000         0,0000    0,0000     0,0000     5,0000   0,0000   0,0000    5,0000    6,0000
    6,0000     0,0000       0,0000     0,3500        0,0000      0,2500       0,1000          0,0000         0,0000    0,0000    48,0164
JAIMEZ PEREZ, JOSE ANGEL                         *46**97**       2008      5.9604          45003930 522 01     3, 4              AG, AC
   36,6664    18,3332      18,3332     2,3332       16,0000      0,0000      18,3332          0,0000         0,0000    0,0000     4,0000     3,0000   0,0000   1,0000    0,0000    3,0000
    0,0000     0,0000       0,0000     0,0000        0,0000      0,0000       0,0000          0,0000         1,0000    0,0000     0,0000     5,0000   0,0000   0,0000    5,0000    6,0000
    6,0000     0,0000       0,0000     0,5200        0,0000      0,2500       0,2700          0,0000         0,0000    0,0000    52,1864
NAVARRO LOPEZ, ANA                               7*215****       2008      6.6729          02007794 522 01     3, 4              AG, AC
   45,3332    27,0000      18,3332    27,0000        0,0000      0,0000      18,3332          0,0000         0,0000    0,0000     3,0000     3,0000   0,0000   0,0000    0,0000    3,0000
    0,0000     0,0000       0,0000     0,0000        0,0000      0,0000       0,0000          0,0000         0,0000    0,0000     0,0000     5,0000   0,0000   0,0000    5,0000    9,0000
    6,0000     3,0000       0,0000     0,0470        0,0000      0.0000       0,0470          0,0000         0,0000    0,0000    62,3802
SANCHEZ IZQUIERDO, JUAN ANTONIO                  *7***291*       2008      5.4429          45003930 522 01     3, 4              AG, AC
   36,6664    18,3332      18,3332     2,3332       16,0000      0,0000      18,3332          0,0000         0,0000    0,0000     0,0000     0,0000   0,0000   0,0000    0,0000    0,0000
    0,0000     0,0000       0,0000     0,0000        0,0000      0,0000       0,0000          0,0000         0,0000    0,0000     0,0000     5,0000   0,0000   0,0000    5,0000    8,1000
    5,5000     2,6000       0,0000     0,5000        0,0000      0,5000       0.0000          0,0000         0,0000    0,0000    50,2664
VELASCO GONZALEZ, AMELIA                         ***62*18*       2008      5.5166          16008667 522 01     3, 4              AG, AC
   55,3332    37,0000      18,3332    33,0000        4,0000      0,0000      18,3332          0,0000         0,0000    0,0000     4,0000     3,0000   0,0000   1,0000    0,0000    3,0000
    0,0000     0,0000       0,0000     0,0000        0,0000      0,0000       0,0000          0,0000         1,0000    0,0000     0,0000     5,0000   0,0000   0,0000    5,0000    9,0000
    6,0000     3,0000       0,0000     0,7500        0,0000      0,7500       0.0000          0,0000         0,0000    0,0000    74,0832




                                                                                                                                                                        www.educa.jccm.es
                                                                                                                                                                      Página 8 de 9

                                        Relación de Participantes en el Concurso de Traslados de Personal Docente de Profesores de Artes
                                                                           Plásticas y Diseño 2018-2019




Cuerpo:    0595 PROFESORES DE ARTES PLASTICAS Y DISEÑO
Especialidad: 523 ORGANIZACION INDUSTRIAL Y LEGISLACION

Apellidos, Nombre                              D.N.I.          Oposición                 Resulta            Apartados          Modalidades
        1.-     1.1.-        1.2.-    1.1.1.         1.1.2.     1.1.3.        1.2.1.         1.2.2.         1.2.3.       2.-        3.-      3.1.     3.2.     3.3.     3.1.1.    3.1.2.
     3.1.3.    3.1.4.       3.2.1.    3.2.2.         3.2.3.    3.3.A.        3.3.B.          3.3.C.        3.3.D.    3.3.E.      3.3.F.       4.-     4.1.     4.2.       4.3.        5.-
       5.1.      5.2.         5.3.       6.-            6.1.      6.2.            6.3.         6.4.           6.5.      6.6.   TOTAL
UTRERA ORTIGADO, CAROLINA                      0312*****       2008      7.5661          45003930 523 01     3, 4              AG, AC
   22,9998    4,6666    18,3332      4,6666        0,0000      0,0000      18,3332          0,0000         0,0000    0,0000     6,0000    3,0000    0,0000   3,0000    0,0000    3,0000
    0,0000    0,0000     0,0000      0,0000        0,0000      0,0000       0,0000          2,0000         1,0000    0,0000     0,0000    0,0000    0,0000   0,0000    0,0000    6,0000
    6,0000    0,0000     0,0000      0,0000        0,0000      0.0000       0.0000          0,0000         0,0000    0,0000    34,9998




                                                                                                                                                                      www.educa.jccm.es
                                                                                                                                                                         Página 9 de 9

                                         Relación de Participantes en el Concurso de Traslados de Personal Docente de Profesores de Artes
                                                                            Plásticas y Diseño 2018-2019




Cuerpo:    0595 PROFESORES DE ARTES PLASTICAS Y DISEÑO
Especialidad: 525 VOLUMEN

Apellidos, Nombre                               D.N.I.          Oposición                  Resulta            Apartados           Modalidades
        1.-      1.1.-       1.2.-     1.1.1.         1.1.2.     1.1.3.           1.2.1.       1.2.2.         1.2.3.       2.-         3.-      3.1.     3.2.     3.3.     3.1.1.    3.1.2.
     3.1.3.     3.1.4.      3.2.1.     3.2.2.         3.2.3.    3.3.A.        3.3.B.           3.3.C.        3.3.D.    3.3.E.       3.3.F.       4.-     4.1.     4.2.       4.3.        5.-
       5.1.       5.2.        5.3.        6.-            6.1.      6.2.             6.3.         6.4.           6.5.      6.6.    TOTAL
GREGORIO LOPEZ, SANDRA                          0*9*84***       1992                       13004122 525 01     3                  AG
  123,1666    75,0000     48,1666    75,0000        0,0000      0,0000      48,1666           0,0000         0,0000    0,0000      0,0000    0,0000    0,0000   0,0000    0,0000    0,0000
    0,0000     0,0000      0,0000     0,0000        0,0000      0,0000       0,0000           0,0000         0,0000    0,0000      0,0000    5,0000    0,0000   0,0000    5,0000    1,9000
    0,5000     1,4000      0,0000     0,0000        0,0000      0.0000       0.0000           0,0000         0,0000    0,0000    130,0666
STEINKO GARCIA, EDUARDO                         *0*8*7*5*       1999      6.798            45003930 525 01     3                  AG
   51,3332    15,0000     36,3332    15,0000        0,0000      0,0000      36,3332           0,0000         0,0000    0,0000      7,0000    2,0000    3,0000   2,0000    0,0000    0,0000
    2,0000     0,0000      0,0000     0,0000        3,0000      0,0000       0,0000           2,0000         0,0000    0,0000      0,0000    5,0000    0,0000   0,0000    5,0000    9,0000
    6,0000     3,0000      0,0000     0,7300        0,0000      0.0000       0,0300           0,0000         0,5000    0,2000     73,0632




                                                                                                                                                                         www.educa.jccm.es
