                                                                                                                                                                           Página 1 de 2

                                       Relación de Participantes en el Concurso de Traslados de Personal Docente de Maestros de Taller de Artes
                                                                             Plásticas y Diseño 2018-2019




Cuerpo:    0596 MAESTROS DE TALLER DE ARTES PLASTICAS DISEÑO
Especialidad: 608 FOTOGRAFIA Y PROCESOS DE REPRODUCCION

Apellidos, Nombre                                 D.N.I.          Oposición                  Resulta            Apartados          Modalidades
        1.-      1.1.-         1.2.-     1.1.1.         1.1.2.     1.1.3.           1.2.1.       1.2.2.         1.2.3.       2.-        3.-      3.1.     3.2.      3.3.     3.1.1.    3.1.2.
     3.1.3.     3.1.4.        3.2.1.     3.2.2.         3.2.3.    3.3.A.        3.3.B.           3.3.C.        3.3.D.    3.3.E.      3.3.F.       4.-     4.1.      4.2.       4.3.        5.-
       5.1.       5.2.          5.3.        6.-            6.1.      6.2.             6.3.         6.4.           6.5.      6.6.   TOTAL
BADILLO MARTINEZ, ANTONIA                         7*2*55***       2008      5.2928                               3                 JG
   36,6664    18,3332       18,3332     0,0000       18,3332      0,0000      18,3332           0,0000         0,0000    0,0000     1,0000     0,0000   0,0000    1,0000    0,0000    0,0000
    0,0000     0,0000        0,0000     0,0000        0,0000      0,0000       0,0000           0,0000         1,0000    0,0000     0,0000     5,0000   0,0000    0,0000    5,0000    6,0000
    6,0000     0,0000        0,0000     2,0500        0,5000      1,2500       0,1000           0,0000         0,0000    0,2000    50,7164
GOMEZ CACERES, JUAN CARLOS                        *3*47*9**       2002      4,5983           45003930 608 01     3                 AG
   63,3332    33,0000       30,3332    33,0000        0,0000      0,0000      30,3332           0,0000         0,0000    0,0000     0,0000     0,0000   0,0000    0,0000    0,0000    0,0000
    0,0000     0,0000        0,0000     0,0000        0,0000      0,0000       0,0000           0,0000         0,0000    0,0000     0,0000     0,0000   0,0000    0,0000    0,0000    2,0000
    2,0000     0,0000        0,0000     0,0000        0,0000      0.0000       0.0000           0,0000         0,0000    0,0000    65,3332
GOMEZ DE AGUERO RODRIGUEZ MORCILLO,               **846*2**       2008      7.2584           45005057 608 01     3, 4              AG, AC
   51,3332    33,0000       18,3332    27,0000        6,0000      0,0000      18,3332           0,0000         0,0000    0,0000     0,0000     0,0000   0,0000    0,0000    0,0000    0,0000
    0,0000     0,0000        0,0000     0,0000        0,0000      0,0000       0,0000           0,0000         0,0000    0,0000     0,0000    10,2496   0,0000    5,4166    4,8330    9,0000
    6,0000     3,0000        0,0000     0,0000        0,0000      0.0000       0.0000           0,0000         0,0000    0,0000    70,5828
MORENO DEL PINO, JAVIER                           04*5**2**       2008      5.5388                               3, 4              JG, AC
   36,6664    18,3332       18,3332     0,0000       18,3332      0,0000      18,3332           0,0000         0,0000    0,0000     0,0000     0,0000   0,0000    0,0000    0,0000    0,0000
    0,0000     0,0000        0,0000     0,0000        0,0000      0,0000       0,0000           0,0000         0,0000    0,0000     0,0000     5,0000   0,0000    0,0000    5,0000    9,0000
    6,0000     3,0000        0,0000     0,7000        0,1000      0.0000       0,6000           0,0000         0,0000    0,0000    51,3664
SANCHEZ TEJEDA, RODRIGO                           0390*****       2008      5.151                                3                 JG
   36,6664    18,3332       18,3332     0,0000       18,3332      0,0000      18,3332           0,0000         0,0000    0,0000     0,0000     0,0000   0,0000    0,0000    0,0000    0,0000
    0,0000     0,0000        0,0000     0,0000        0,0000      0,0000       0,0000           0,0000         0,0000    0,0000     0,0000    10,0000   0,0000   10,0000    0,0000    9,0000
    6,0000     3,0000        0,0000     0,0000        0,0000      0.0000       0.0000           0,0000         0,0000    0,0000    55,6664
VALERO JIMENEZ, JOSE CARLOS                       0***5*38*       2008      4.2313                               3, 4              JG, AC
   36,6664    18,3332       18,3332     0,0000       18,3332      0,0000      18,3332           0,0000         0,0000    0,0000     0,0000     0,0000   0,0000    0,0000    0,0000    0,0000
    0,0000     0,0000        0,0000     0,0000        0,0000      0,0000       0,0000           0,0000         0,0000    0,0000     0,0000     5,0000   0,0000    0,0000    5,0000    9,0000
    6,0000     3,0000        0,0000     0,1000        0,0000      0.0000       0,1000           0,0000         0,0000    0,0000    50,7664




                                                                                                                                                                           www.educa.jccm.es
                                                                                                                                                                       Página 2 de 2

                                    Relación de Participantes en el Concurso de Traslados de Personal Docente de Maestros de Taller de Artes
                                                                          Plásticas y Diseño 2018-2019




Cuerpo:    0596 MAESTROS DE TALLER DE ARTES PLASTICAS DISEÑO
Especialidad: 608 FOTOGRAFIA Y PROCESOS DE REPRODUCCION

Apellidos, Nombre                              D.N.I.          Oposición                  Resulta            Apartados          Modalidades
        1.-      1.1.-      1.2.-     1.1.1.         1.1.2.     1.1.3.           1.2.1.       1.2.2.         1.2.3.       2.-        3.-      3.1.     3.2.     3.3.     3.1.1.    3.1.2.
     3.1.3.     3.1.4.     3.2.1.     3.2.2.         3.2.3.    3.3.A.        3.3.B.           3.3.C.        3.3.D.    3.3.E.      3.3.F.       4.-     4.1.     4.2.       4.3.        5.-
       5.1.       5.2.       5.3.        6.-            6.1.      6.2.             6.3.         6.4.           6.5.      6.6.   TOTAL
VELASCO SUAREZ, PEDRO                          45**23***       2008      5.945            02007794 608 01     3, 4              AG, AC
   36,9998    18,6666    18,3332     4,6666       14,0000      0,0000      18,3332           0,0000         0,0000    0,0000     2,0000    0,0000    0,0000   2,0000    0,0000    0,0000
    0,0000     0,0000     0,0000     0,0000        0,0000      0,0000       0,0000           2,0000         0,0000    0,0000     0,0000    5,0000    0,0000   0,0000    5,0000    7,7000
    6,0000     1,7000     0,0000     1,0500        0,1000      0.0000       0,9500           0,0000         0,0000    0,0000    52,7498
VELDUQUE BALLARIN, MARIA JESUS                 1*029****       2008      6.8564           16008667 608 01     3                 AG
   51,3332    33,0000    18,3332    27,0000        6,0000      0,0000      18,3332           0,0000         0,0000    0,0000     0,0000    0,0000    0,0000   0,0000    0,0000    0,0000
    0,0000     0,0000     0,0000     0,0000        0,0000      0,0000       0,0000           0,0000         0,0000    0,0000     0,0000    5,0000    0,0000   0,0000    5,0000    9,0000
    6,0000     3,0000     0,0000     2,7000        2,2000      0,5000       0.0000           0,0000         0,0000    0,0000    68,0332




                                                                                                                                                                       www.educa.jccm.es
